
Resp charges for organic molecule                                               

iqopt   irstrnt  ihfree     qwt
  2      1      1        0.001000

 rel.rms   dipole mom       Qxx      Qyy      Qzz
    0.09874   4.23700  -1.21547  23.55333 -22.33785

          Point charges before & after optimization
    NO   At.No.    q0           q(opt)   IVARY  d(rstr)/dq 
     1     6  -0.241773      -0.241773  -99    0.003822
     2     6  -0.190699      -0.190699  -99    0.004644
     3     6   0.237113       0.237113  -99    0.003886
     4     6  -0.190699      -0.190699  -99    0.004644
     5     6  -0.241773      -0.241773  -99    0.003822
     6     6   0.299921       0.299921  -99    0.003163
     7     7  -0.633649      -0.633649  -99    0.001559
     8     6   1.004621       1.004621  -99    0.000991
     9     7  -0.725310      -0.725310  -99    0.001366
    10     6   0.581743       0.581743  -99    0.001694
    11     7  -0.868453      -0.868453  -99    0.001144
    12     6   1.230809       1.230809  -99    0.000810
    13     7  -0.955153      -0.955153  -99    0.001041
    14     7  -1.138778      -1.138778  -99    0.000875
    15    17  -0.343372      -0.343372  -99    0.002796
    16     1   0.159791       0.159791  -99    0.000000
    17     1   0.189022       0.189022  -99    0.000000
    18     1   0.189022       0.189022  -99    0.000000
    19     1   0.159791       0.159791  -99    0.000000
    20     1   0.356283       0.356283  -99    0.000000
    21     1   0.084116       0.084116  -99    0.000000
    22     1   0.472100       0.472100  -99    0.000000
    23     1   0.472100       0.472100  -99    0.000000
    24     0   0.093229       0.093227    0    0.007314

        Statistics of the fitting:
  The initial sum of squares (ssvpot)                      0.522
  The residual sum of squares (chipot)                     0.005
  The std err of estimate (sqrt(chipot/N))               0.00124
  ESP relative RMS (SQRT(chipot/ssvpot))                 0.09874

 Dipole Moment (Debye)=   4.23700
