
Resp charges for organic molecule                                               

iqopt   irstrnt  ihfree     qwt
  2      1      1        0.001000

 rel.rms   dipole mom       Qxx      Qyy      Qzz
    0.13790   4.01762 -69.08886  55.91810  13.17077

          Point charges before & after optimization
    NO   At.No.    q0           q(opt)   IVARY  d(rstr)/dq 
     1     6  -0.144002      -0.144002  -99    0.005704
     2     6  -0.321232      -0.321232  -99    0.002972
     3     6   0.440228       0.440228  -99    0.002215
     4     6  -0.074190      -0.074190  -99    0.008031
     5     6  -0.153166      -0.153166  -99    0.005467
     6     6   0.096928       0.096928  -99    0.007181
     7     6  -0.309574      -0.309574  -99    0.003074
     8     6   0.053233       0.053233  -99    0.008827
     9     6   0.592327       0.592327  -99    0.001665
    10     8  -0.563437      -0.563437  -99    0.001748
    11     7  -0.193896      -0.193896  -99    0.004584
    12     6   0.009139       0.009139  -99    0.009958
    13    16  -0.344718      -0.344718  -99    0.002786
    14     7  -0.199738      -0.199738  -99    0.004477
    15    35  -0.268674      -0.268674  -99    0.003488
    16     8  -0.566972      -0.566972  -99    0.001737
    17     1   0.159346       0.159346  -99    0.000000
    18     1   0.207439       0.207439  -99    0.000000
    19     1   0.276792       0.276792  -99    0.000000
    20     1   0.205127       0.205127  -99    0.000000
    21     1   0.285797       0.285797  -99    0.000000
    22     1   0.287697       0.287697  -99    0.000000
    23     1   0.419817       0.419817  -99    0.000000
    24     0   0.105730       0.105729    0    0.006871

        Statistics of the fitting:
  The initial sum of squares (ssvpot)                      0.894
  The residual sum of squares (chipot)                     0.017
  The std err of estimate (sqrt(chipot/N))               0.00207
  ESP relative RMS (SQRT(chipot/ssvpot))                 0.13790

 Dipole Moment (Debye)=   4.01762
