
Resp charges for organic molecule                                               

iqopt   irstrnt  ihfree     qwt
  2      1      1        0.001000

 rel.rms   dipole mom       Qxx      Qyy      Qzz
    0.07391   5.40692  74.53467 -26.73650 -47.79816

          Point charges before & after optimization
    NO   At.No.    q0           q(opt)   IVARY  d(rstr)/dq 
     1     6  -0.186759      -0.186759  -99    0.004720
     2     6  -0.113804      -0.113804  -99    0.006601
     3     6  -0.186759      -0.186759  -99    0.004720
     4     6  -0.092629      -0.092629  -99    0.007336
     5     6   0.043855       0.043855  -99    0.009158
     6     6  -0.092629      -0.092629  -99    0.007336
     7     6  -0.033503      -0.033503  -99    0.009482
     8    17  -0.288810      -0.288810  -99    0.003272
     9     6   0.708645       0.708645  -99    0.001397
    10     8  -0.605988      -0.605988  -99    0.001628
    11     7  -0.630660      -0.630660  -99    0.001566
    12     6   0.868269       0.868269  -99    0.001144
    13     8  -0.612023      -0.612023  -99    0.001613
    14     7  -0.952690      -0.952690  -99    0.001044
    15     1   0.121634       0.121634  -99    0.000000
    16     1   0.138777       0.138777  -99    0.000000
    17     1   0.149984       0.149984  -99    0.000000
    18     1   0.121650       0.121650  -99    0.000000
    19     1   0.121650       0.121650  -99    0.000000
    20     1   0.149984       0.149984  -99    0.000000
    21     1   0.432159       0.432159  -99    0.000000
    22     1   0.451891       0.451891  -99    0.000000
    23     1   0.432159       0.432159  -99    0.000000
    24     0   0.055599       0.055597    0    0.008740

        Statistics of the fitting:
  The initial sum of squares (ssvpot)                      1.400
  The residual sum of squares (chipot)                     0.008
  The std err of estimate (sqrt(chipot/N))               0.00157
  ESP relative RMS (SQRT(chipot/ssvpot))                 0.07391

 Dipole Moment (Debye)=   5.40692
