
Resp charges for organic molecule                                               

iqopt   irstrnt  ihfree     qwt
  0      1      1        0.000500

 rel.rms   dipole mom       Qxx      Qyy      Qzz
    0.06274   5.13421 -19.92887  21.03844  -1.10957

          Point charges before & after optimization
    NO   At.No.    q0           q(opt)   IVARY  d(rstr)/dq 
     1     6   0.000000      -0.211934    0    0.002134
     2     6   0.000000      -0.186654    0    0.002361
     3     6   0.000000       0.277590    0    0.001695
     4     6   0.000000      -0.186654    2    0.002361
     5     6   0.000000      -0.211934    1    0.002134
     6     6   0.000000       0.129695    0    0.003053
     7     7   0.000000      -0.115328    0    0.003276
     8     6   0.000000       0.387439    0    0.001250
     9     7   0.000000      -0.735188    0    0.000674
    10     6   0.000000      -0.065602    0    0.004181
    11     7   0.000000      -0.260670    0    0.001791
    12     6   0.000000       0.558571    0    0.000881
    13     8   0.000000      -0.527809    0    0.000931
    14     6   0.000000      -0.071582    0    0.004066
    15     6   0.000000       0.373875    0    0.001292
    16     7   0.000000      -0.463158    0    0.001055
    17    17   0.000000      -0.346378    0    0.001387
    18     1   0.000000       0.188425    0    0.000000
    19     1   0.000000       0.178986    0    0.000000
    20     1   0.000000       0.178986   19    0.000000
    21     1   0.000000       0.188425   18    0.000000
    22     1   0.000000       0.354797    0    0.000000
    23     1   0.000000       0.091883    0    0.000000
    24     1   0.000000       0.118952    0    0.000000
    25     1   0.000000       0.114261    0    0.000000
    26     1   0.000000       0.142890    0    0.000000
    27     0   0.000000       0.098117    0    0.003569

        Statistics of the fitting:
  The initial sum of squares (ssvpot)                      1.224
  The residual sum of squares (chipot)                     0.005
  The std err of estimate (sqrt(chipot/N))               0.00116
  ESP relative RMS (SQRT(chipot/ssvpot))                 0.06274

 Dipole Moment (Debye)=   5.13421
