
Resp charges for organic molecule                                               

iqopt   irstrnt  ihfree     qwt
  0      1      1        0.000500

 rel.rms   dipole mom       Qxx      Qyy      Qzz
    0.10743   5.89896  50.84916  -9.79992 -41.04924

          Point charges before & after optimization
    NO   At.No.    q0           q(opt)   IVARY  d(rstr)/dq 
     1     6   0.000000      -0.172692    0    0.002506
     2     6   0.000000      -0.097941    0    0.003572
     3     6   0.000000      -0.081745    0    0.003871
     4     8   0.000000      -0.073449    0    0.004030
     5     6   0.000000      -0.122871    0    0.003156
     6     6   0.000000       0.597037    0    0.000826
     7     8   0.000000      -0.534247    0    0.000920
     8     7   0.000000      -0.274963    0    0.001709
     9     6   0.000000       0.177447    0    0.002455
    10     6   0.000000      -0.235031    0    0.001958
    11     6   0.000000      -0.144263    0    0.002848
    12     6   0.000000       0.129105    0    0.003062
    13     6   0.000000      -0.144263   11    0.002848
    14     6   0.000000      -0.235031   10    0.001958
    15    53   0.000000      -0.357972    0    0.001345
    16     1   0.000000       0.171458    0    0.000000
    17     1   0.000000       0.167611    0    0.000000
    18     1   0.000000       0.202753    0    0.000000
    19     1   0.000000       0.154654    0    0.000000
    20     1   0.000000       0.183439    0    0.000000
    21     1   0.000000       0.180252    0    0.000000
    22     1   0.000000       0.180252   21    0.000000
    23     1   0.000000       0.183439   20    0.000000
    24     0   0.000000       0.147020    0    0.002812

        Statistics of the fitting:
  The initial sum of squares (ssvpot)                      0.716
  The residual sum of squares (chipot)                     0.008
  The std err of estimate (sqrt(chipot/N))               0.00136
  ESP relative RMS (SQRT(chipot/ssvpot))                 0.10743

 Dipole Moment (Debye)=   5.89896
