
Resp charges for organic molecule                                               

iqopt   irstrnt  ihfree     qwt
  2      1      1        0.001000

 rel.rms   dipole mom       Qxx      Qyy      Qzz
    0.12625   7.08878  18.61897  -0.63514 -17.98382

          Point charges before & after optimization
    NO   At.No.    q0           q(opt)   IVARY  d(rstr)/dq 
     1     6  -0.216839      -0.244834    0    0.003781
     2     7  -0.087435      -0.087435  -99    0.007528
     3     6  -0.288458      -0.244834    1    0.003781
     4     6   0.471076       0.471076  -99    0.002077
     5     8  -0.587849      -0.587849  -99    0.001677
     6     6  -0.084182       0.056400    0    0.008710
     7     6   0.254054       0.263361    0    0.003550
     8     7  -0.782071      -0.782071  -99    0.001268
     9     6   0.437513       0.437513  -99    0.002228
    10     6  -0.301947      -0.301947  -99    0.003144
    11     6  -0.019606      -0.019606  -99    0.009813
    12     6  -0.152807      -0.152807  -99    0.005476
    13     6  -0.019606      -0.019606  -99    0.009813
    14     6  -0.301947      -0.301947  -99    0.003144
    15    35  -0.102654      -0.102654  -99    0.006978
    16     1   0.086869       0.104832    0    0.000000
    17     1   0.087164       0.104832   16    0.000000
    18     1   0.139534       0.104832   16    0.000000
    19     1   0.112601       0.104832   16    0.000000
    20     1   0.120942       0.104832   16    0.000000
    21     1   0.101468       0.104832   16    0.000000
    22     1   0.052925      -0.004909    0    0.000000
    23     1   0.059910      -0.004909   22    0.000000
    24     1   0.010957       0.028811    0    0.000000
    25     1   0.069943       0.028811   24    0.000000
    26     1   0.353134       0.353134  -99    0.000000
    27     1   0.148808       0.148808  -99    0.000000
    28     1   0.144846       0.144846  -99    0.000000
    29     1   0.144846       0.144846  -99    0.000000
    30     1   0.148808       0.148808  -99    0.000000

        Statistics of the fitting:
  The initial sum of squares (ssvpot)                      0.984
  The residual sum of squares (chipot)                     0.016
  The std err of estimate (sqrt(chipot/N))               0.00193
  ESP relative RMS (SQRT(chipot/ssvpot))                 0.12625

 Dipole Moment (Debye)=   7.08878
