
Resp charges for organic molecule                                               

iqopt   irstrnt  ihfree     qwt
  2      1      1        0.001000

 rel.rms   dipole mom       Qxx      Qyy      Qzz
    0.09307   6.53833  95.22191 -28.64095 -66.58096

          Point charges before & after optimization
    NO   At.No.    q0           q(opt)   IVARY  d(rstr)/dq 
     1     6  -0.036740      -0.036740  -99    0.009387
     2     6  -0.235650      -0.235650  -99    0.003906
     3     6   0.181143       0.181143  -99    0.004833
     4     7  -0.474421      -0.474421  -99    0.002063
     5     6   0.251894       0.251894  -99    0.003690
     6     6  -0.201575      -0.201575  -99    0.004444
     7     6   0.479390       0.479390  -99    0.002042
     8     8  -0.537285      -0.537285  -99    0.001830
     9     7  -0.039687      -0.039687  -99    0.009295
    10     7  -0.314164      -0.314164  -99    0.003033
    11     6   0.012123       0.012123  -99    0.009927
    12     6   0.338447       0.338447  -99    0.002834
    13     6  -0.442940      -0.442940  -99    0.002202
    14     6   0.121413       0.121413  -99    0.006358
    15     6  -0.243098      -0.243098  -99    0.003804
    16     8  -0.117247      -0.117247  -99    0.006489
    17    53   0.078522       0.078522  -99    0.007865
    18     1   0.147779       0.147779  -99    0.000000
    19     1   0.151591       0.151591  -99    0.000000
    20     1   0.099967       0.099967  -99    0.000000
    21     1   0.161238       0.161238  -99    0.000000
    22     1   0.166721       0.166721  -99    0.000000
    23     1   0.128370       0.128370  -99    0.000000
    24     1   0.207359       0.207359  -99    0.000000
    25     1   0.116849       0.116849  -99    0.000000

        Statistics of the fitting:
  The initial sum of squares (ssvpot)                      1.616
  The residual sum of squares (chipot)                     0.014
  The std err of estimate (sqrt(chipot/N))               0.00170
  ESP relative RMS (SQRT(chipot/ssvpot))                 0.09307

 Dipole Moment (Debye)=   6.53833
