
Resp charges for organic molecule                                               

iqopt   irstrnt  ihfree     qwt
  2      1      1        0.001000

 rel.rms   dipole mom       Qxx      Qyy      Qzz
    0.09830   2.30129 -31.39964 -12.48632  43.88596

          Point charges before & after optimization
    NO   At.No.    q0           q(opt)   IVARY  d(rstr)/dq 
     1     6  -0.187724      -0.187724  -99    0.004702
     2     6  -0.139010      -0.139010  -99    0.005840
     3     6   0.126640       0.126640  -99    0.006197
     4     6  -0.139010      -0.139010  -99    0.005840
     5     6  -0.187724      -0.187724  -99    0.004702
     6     6   0.143249       0.143249  -99    0.005724
     7     6  -0.025441      -0.025441  -99    0.009691
     8     1   0.167943       0.167943  -99    0.000000
     9     6  -0.132204      -0.132204  -99    0.006033
    10     8  -0.265673      -0.265673  -99    0.003523
    11     6   0.807602       0.807602  -99    0.001229
    12     8  -0.622215      -0.622215  -99    0.001587
    13     7  -0.927873      -0.927873  -99    0.001072
    14     6   0.807602       0.807602  -99    0.001229
    15     8  -0.622215      -0.622215  -99    0.001587
    16     7  -0.927873      -0.927873  -99    0.001072
    17    35  -0.308648      -0.308648  -99    0.003082
    18     1   0.146995       0.146995  -99    0.000000
    19     1   0.177579       0.177579  -99    0.000000
    20     1   0.177579       0.177579  -99    0.000000
    21     1   0.146995       0.146995  -99    0.000000
    22     1   0.416919       0.416919  -99    0.000000
    23     1   0.416919       0.416919  -99    0.000000
    24     1   0.416919       0.416919  -99    0.000000
    25     1   0.416919       0.416919  -99    0.000000
    26     0   0.115753       0.115750    0    0.006537

        Statistics of the fitting:
  The initial sum of squares (ssvpot)                      0.917
  The residual sum of squares (chipot)                     0.009
  The std err of estimate (sqrt(chipot/N))               0.00151
  ESP relative RMS (SQRT(chipot/ssvpot))                 0.09830

 Dipole Moment (Debye)=   2.30129
