
Resp charges for organic molecule                                               

iqopt   irstrnt  ihfree     qwt
  2      1      1        0.001000

 rel.rms   dipole mom       Qxx      Qyy      Qzz
    0.09832   5.20678  19.15090  -1.34126 -17.80964

          Point charges before & after optimization
    NO   At.No.    q0           q(opt)   IVARY  d(rstr)/dq 
     1     6  -0.240714      -0.211653    0    0.004272
     2     6   0.291976       0.309428    0    0.003075
     3     7  -0.861292      -0.861292  -99    0.001153
     4     6   0.967024       0.967024  -99    0.001029
     5     8  -0.586240      -0.586240  -99    0.001681
     6     7  -0.787561      -0.787561  -99    0.001260
     7     6   0.154158       0.146143    0    0.005647
     8     6  -0.048942      -0.048942  -99    0.008982
     9     6  -0.135144      -0.135144  -99    0.005948
    10     6  -0.220125      -0.220125  -99    0.004136
    11     6  -0.144206      -0.144206  -99    0.005698
    12     6   0.205841       0.205841  -99    0.004370
    13     6  -0.125062      -0.125062  -99    0.006245
    14    17  -0.329223      -0.329223  -99    0.002906
    15     1   0.062538       0.053277    0    0.000000
    16     1   0.076899       0.053277   15    0.000000
    17     1   0.048038       0.053277   15    0.000000
    18     1   0.018918       0.013739    0    0.000000
    19     1   0.028983       0.013739   18    0.000000
    20     1   0.389414       0.389414  -99    0.000000
    21     1   0.381202       0.381202  -99    0.000000
    22     1   0.065585       0.065662    0    0.000000
    23     1   0.057049       0.065662   22    0.000000
    24     1   0.141065       0.141065  -99    0.000000
    25     1   0.167734       0.167734  -99    0.000000
    26     1   0.164719       0.164719  -99    0.000000
    27     1   0.165350       0.165350  -99    0.000000
    28     0   0.092016       0.092898    0    0.007326

        Statistics of the fitting:
  The initial sum of squares (ssvpot)                      0.881
  The residual sum of squares (chipot)                     0.009
  The std err of estimate (sqrt(chipot/N))               0.00158
  ESP relative RMS (SQRT(chipot/ssvpot))                 0.09832

 Dipole Moment (Debye)=   5.20678
