
Resp charges for organic molecule                                               

iqopt   irstrnt  ihfree     qwt
  2      1      1        0.001000

 rel.rms   dipole mom       Qxx      Qyy      Qzz
    0.10274   6.32063  76.00636 -18.47656 -57.52980

          Point charges before & after optimization
    NO   At.No.    q0           q(opt)   IVARY  d(rstr)/dq 
     1     6  -0.300179      -0.300179  -99    0.003161
     2     6   0.144553       0.144553  -99    0.005689
     3     6  -0.329396      -0.329396  -99    0.002905
     4    16  -0.041194      -0.041194  -99    0.009246
     5     6  -0.108004      -0.108004  -99    0.006794
     6     6   0.679174       0.679174  -99    0.001457
     7     8  -0.559752      -0.559752  -99    0.001759
     8     7  -0.149500      -0.149500  -99    0.005560
     9     7  -0.302895      -0.302895  -99    0.003135
    10     6   0.004835       0.004835  -99    0.009988
    11     6   0.370786       0.370786  -99    0.002604
    12     6  -0.466878      -0.466878  -99    0.002094
    13     6   0.135641       0.135641  -99    0.005934
    14     6  -0.264865      -0.264865  -99    0.003532
    15     8  -0.112898      -0.112898  -99    0.006631
    16    53   0.085148       0.085148  -99    0.007614
    17     1   0.183981       0.183981  -99    0.000000
    18     1   0.123524       0.123524  -99    0.000000
    19     1   0.209436       0.209436  -99    0.000000
    20     1   0.249492       0.249492  -99    0.000000
    21     1   0.117733       0.117733  -99    0.000000
    22     1   0.214545       0.214545  -99    0.000000
    23     1   0.116712       0.116712  -99    0.000000

        Statistics of the fitting:
  The initial sum of squares (ssvpot)                      1.630
  The residual sum of squares (chipot)                     0.017
  The std err of estimate (sqrt(chipot/N))               0.00188
  ESP relative RMS (SQRT(chipot/ssvpot))                 0.10274

 Dipole Moment (Debye)=   6.32063
