
Resp charges for organic molecule                                               

iqopt   irstrnt  ihfree     qwt
  2      1      1        0.001000

 rel.rms   dipole mom       Qxx      Qyy      Qzz
    0.08791   6.76265  13.91222  13.68780 -27.60002

          Point charges before & after optimization
    NO   At.No.    q0           q(opt)   IVARY  d(rstr)/dq 
     1     6  -0.206607      -0.206607  -99    0.004357
     2     6  -0.097202      -0.097202  -99    0.007171
     3     6   0.001021       0.001021  -99    0.009999
     4     6  -0.280136      -0.280136  -99    0.003362
     5     6   0.132854       0.132854  -99    0.006014
     6     6  -0.088185      -0.088185  -99    0.007500
     7     6   0.507500       0.507500  -99    0.001933
     8     8  -0.496684      -0.496684  -99    0.001974
     9     7  -0.376485      -0.376485  -99    0.002567
    10     6   0.180393       0.180393  -99    0.004848
    11     6  -0.292216      -0.292216  -99    0.003238
    12     6  -0.127479      -0.127479  -99    0.006172
    13     6  -0.244518      -0.244518  -99    0.003785
    14     6   0.285203       0.285203  -99    0.003309
    15     6  -0.207136      -0.207136  -99    0.004348
    16     9  -0.202845      -0.202845  -99    0.004422
    17    53   0.014747       0.014747  -99    0.009893
    18     1   0.167583       0.167583  -99    0.000000
    19     1   0.139144       0.139144  -99    0.000000
    20     1   0.124885       0.124885  -99    0.000000
    21     1   0.112775       0.112775  -99    0.000000
    22     1   0.261223       0.261223  -99    0.000000
    23     1   0.174142       0.174142  -99    0.000000
    24     1   0.165283       0.165283  -99    0.000000
    25     1   0.169738       0.169738  -99    0.000000
    26     1   0.183001       0.183001  -99    0.000000

        Statistics of the fitting:
  The initial sum of squares (ssvpot)                      1.024
  The residual sum of squares (chipot)                     0.008
  The std err of estimate (sqrt(chipot/N))               0.00133
  ESP relative RMS (SQRT(chipot/ssvpot))                 0.08791

 Dipole Moment (Debye)=   6.76265
