
Resp charges for organic molecule                                               

iqopt   irstrnt  ihfree     qwt
  0      1      1        0.000500

 rel.rms   dipole mom       Qxx      Qyy      Qzz
    0.06363   6.68839  12.82333  16.83272 -29.65605

          Point charges before & after optimization
    NO   At.No.    q0           q(opt)   IVARY  d(rstr)/dq 
     1     6   0.000000      -0.153043    0    0.002735
     2     6   0.000000      -0.163524    0    0.002609
     3     6   0.000000      -0.090362    0    0.003710
     4     6   0.000000       0.060439    0    0.004279
     5     6   0.000000      -0.010604    0    0.004972
     6     6   0.000000      -0.128631    0    0.003069
     7     6   0.000000       0.549586    0    0.000895
     8     8   0.000000      -0.489029    0    0.001002
     9     7   0.000000      -0.366997    0    0.001314
    10     6   0.000000       0.167469    0    0.002563
    11     6   0.000000      -0.284197    0    0.001660
    12     6   0.000000      -0.125293    0    0.003119
    13     6   0.000000      -0.250808    0    0.001852
    14     6   0.000000       0.293214    0    0.001614
    15     6   0.000000      -0.209394    0    0.002155
    16     9   0.000000      -0.204501    0    0.002196
    17    53   0.000000      -0.315287    0    0.001512
    18     1   0.000000       0.160953    0    0.000000
    19     1   0.000000       0.159179    0    0.000000
    20     1   0.000000       0.164463    0    0.000000
    21     1   0.000000       0.124596    0    0.000000
    22     1   0.000000       0.268600    0    0.000000
    23     1   0.000000       0.169410    0    0.000000
    24     1   0.000000       0.164795    0    0.000000
    25     1   0.000000       0.170761    0    0.000000
    26     1   0.000000       0.180360    0    0.000000
    27     0   0.000000       0.157842    0    0.002676

        Statistics of the fitting:
  The initial sum of squares (ssvpot)                      1.024
  The residual sum of squares (chipot)                     0.004
  The std err of estimate (sqrt(chipot/N))               0.00097
  ESP relative RMS (SQRT(chipot/ssvpot))                 0.06363

 Dipole Moment (Debye)=   6.68839
