
Resp charges for organic molecule                                               

iqopt   irstrnt  ihfree     qwt
  2      1      1        0.001000

 rel.rms   dipole mom       Qxx      Qyy      Qzz
    0.17294   3.01397  14.30848   5.90613 -20.21461

          Point charges before & after optimization
    NO   At.No.    q0           q(opt)   IVARY  d(rstr)/dq 
     1     6  -0.121900      -0.121900  -99    0.006342
     2     6  -0.202018      -0.202018  -99    0.004436
     3     6   0.011513       0.011513  -99    0.009934
     4     6  -0.288948      -0.288948  -99    0.003271
     5     6   0.414880       0.414880  -99    0.002343
     6     6  -0.273692      -0.273692  -99    0.003432
     7     8  -0.285814      -0.285814  -99    0.003302
     8     6   0.180530       0.180530  -99    0.004846
     9     6   0.016058      -0.040111    0    0.009281
    10     6  -0.117748      -0.008673    0    0.009963
    11     6   0.045615      -0.008673   10    0.009963
    12     6  -0.076471      -0.040111    9    0.009281
    13    53  -0.042740      -0.042740  -99    0.009195
    14     1   0.156417       0.156417  -99    0.000000
    15     1   0.144568       0.144568  -99    0.000000
    16     1   0.129843       0.129843  -99    0.000000
    17     1   0.142520       0.142520  -99    0.000000
    18     1   0.014355       0.014355  -99    0.000000
    19     1   0.019560       0.018977    0    0.000000
    20     1   0.002271       0.018977   19    0.000000
    21     1   0.032271       0.010537    0    0.000000
    22     1   0.037856       0.010537   21    0.000000
    23     1   0.006412       0.010537   21    0.000000
    24     1   0.002372       0.010537   21    0.000000
    25     1   0.037571       0.018977   19    0.000000
    26     1   0.014719       0.018977   19    0.000000

        Statistics of the fitting:
  The initial sum of squares (ssvpot)                      0.264
  The residual sum of squares (chipot)                     0.008
  The std err of estimate (sqrt(chipot/N))               0.00140
  ESP relative RMS (SQRT(chipot/ssvpot))                 0.17294

 Dipole Moment (Debye)=   3.01397
