
Resp charges for organic molecule                                               

iqopt   irstrnt  ihfree     qwt
  2      1      1        0.001000

 rel.rms   dipole mom       Qxx      Qyy      Qzz
    0.15882   2.19794 -12.03259  31.94326 -19.91067

          Point charges before & after optimization
    NO   At.No.    q0           q(opt)   IVARY  d(rstr)/dq 
     1     7  -0.557552      -0.557552  -99    0.001765
     2     6   0.178396       0.178396  -99    0.004890
     3     7   0.378775       0.378775  -99    0.002553
     4     6  -0.521390      -0.521390  -99    0.001884
     5     6   0.144859       0.144859  -99    0.005681
     6     6  -0.346706      -0.346706  -99    0.002771
     7     6   0.111634       0.111634  -99    0.006672
     8     7  -0.475379      -0.475379  -99    0.002059
     9     6   0.537504       0.537504  -99    0.001829
    10     7  -0.546602      -0.546602  -99    0.001800
    11     6   0.229908       0.227882    0    0.004018
    12     6  -0.187045      -0.147603    0    0.005609
    13    35  -0.074241      -0.074241  -99    0.008029
    14     1   0.059224       0.046797    0    0.000000
    15     1   0.054160       0.046797   14    0.000000
    16     1   0.059225       0.046797   14    0.000000
    17     1   0.013630       0.011022    0    0.000000
    18     1   0.013611       0.011022   17    0.000000
    19     1   0.308877       0.308877  -99    0.000000
    20     1   0.144431       0.144431  -99    0.000000
    21     1   0.267890       0.267890  -99    0.000000
    22     1   0.206792       0.206792  -99    0.000000

        Statistics of the fitting:
  The initial sum of squares (ssvpot)                      0.402
  The residual sum of squares (chipot)                     0.010
  The std err of estimate (sqrt(chipot/N))               0.00167
  ESP relative RMS (SQRT(chipot/ssvpot))                 0.15882

 Dipole Moment (Debye)=   2.19794
