
Resp charges for organic molecule                                               

iqopt   irstrnt  ihfree     qwt
  0      1      1        0.000500

 rel.rms   dipole mom       Qxx      Qyy      Qzz
    0.08287   5.31642   7.50168  13.90215 -21.40383

          Point charges before & after optimization
    NO   At.No.    q0           q(opt)   IVARY  d(rstr)/dq 
     1     6   0.000000      -0.358077    0    0.001345
     2     6   0.000000      -0.131904    0    0.003021
     3     6   0.000000       0.174398    0    0.002487
     4     6   0.000000      -0.131904    2    0.003021
     5     6   0.000000      -0.358077    1    0.001345
     6     6   0.000000       0.482220    0    0.001015
     7     8   0.000000      -0.349676    0    0.001375
     8     6   0.000000      -0.056897    0    0.004346
     9     6   0.000000       0.395567    0    0.001225
    10     1   0.000000       0.026538    0    0.000000
    11     6   0.000000       0.102786    0    0.003487
    12     8   0.000000      -0.689447    0    0.000718
    13     8   0.000000      -0.672359    0    0.000736
    14    17   0.000000      -0.331051    0    0.001446
    15     1   0.000000       0.184416    0    0.000000
    16     1   0.000000       0.183025    0    0.000000
    17     1   0.000000       0.183025   16    0.000000
    18     1   0.000000       0.184416   15    0.000000
    19     1   0.000000       0.102753    0    0.000000
    20     1   0.000000       0.033831    0    0.000000
    21     1   0.000000       0.025809    0    0.000000
    22     1   0.000000       0.038014    0    0.000000
    23     1   0.000000       0.447128    0    0.000000
    24     1   0.000000       0.425881    0    0.000000
    25     0   0.000000       0.089585    0    0.003724

        Statistics of the fitting:
  The initial sum of squares (ssvpot)                      0.904
  The residual sum of squares (chipot)                     0.006
  The std err of estimate (sqrt(chipot/N))               0.00140
  ESP relative RMS (SQRT(chipot/ssvpot))                 0.08287

 Dipole Moment (Debye)=   5.31642
