
Resp charges for organic molecule                                               

iqopt   irstrnt  ihfree     qwt
  0      1      1        0.000500

 rel.rms   dipole mom       Qxx      Qyy      Qzz
    0.07591   2.30599  56.83754 -38.76569 -18.07185

          Point charges before & after optimization
    NO   At.No.    q0           q(opt)   IVARY  d(rstr)/dq 
     1     6   0.000000      -0.282041    0    0.001671
     2     6   0.000000       0.209620    0    0.002153
     3     8   0.000000      -0.375685    0    0.001286
     4     6   0.000000       0.770153    0    0.000644
     5     8   0.000000      -0.592873    0    0.000832
     6     6   0.000000      -0.242244    0    0.001908
     7     6   0.000000      -0.049992    0    0.004472
     8     6   0.000000       0.133203    0    0.003002
     9     6   0.000000      -0.177595    0    0.002453
    10     6   0.000000      -0.162813    0    0.002617
    11     6   0.000000      -0.101662    0    0.003506
    12     6   0.000000      -0.156969    0    0.002686
    13     6   0.000000       0.102745    0    0.003487
    14    35   0.000000      -0.295837    0    0.001601
    15     6   0.000000       0.340955    0    0.001407
    16     7   0.000000      -0.458974    0    0.001064
    17     1   0.000000       0.093483    0    0.000000
    18     1   0.000000       0.093438    0    0.000000
    19     1   0.000000       0.076933    0    0.000000
    20     1   0.000000       0.048252    0    0.000000
    21     1   0.000000       0.048209    0    0.000000
    22     1   0.000000       0.168506    0    0.000000
    23     1   0.000000       0.202515    0    0.000000
    24     1   0.000000       0.160823    0    0.000000
    25     1   0.000000       0.154676    0    0.000000
    26     1   0.000000       0.171386    0    0.000000
    27     0   0.000000       0.121785    0    0.003173

        Statistics of the fitting:
  The initial sum of squares (ssvpot)                      0.698
  The residual sum of squares (chipot)                     0.004
  The std err of estimate (sqrt(chipot/N))               0.00098
  ESP relative RMS (SQRT(chipot/ssvpot))                 0.07591

 Dipole Moment (Debye)=   2.30599
