
Resp charges for organic molecule                                               

iqopt   irstrnt  ihfree     qwt
  2      1      1        0.001000

 rel.rms   dipole mom       Qxx      Qyy      Qzz
    0.17235   3.08593  -6.40901  23.09497 -16.68596

          Point charges before & after optimization
    NO   At.No.    q0           q(opt)   IVARY  d(rstr)/dq 
     1     6  -0.366063      -0.369983    0    0.002609
     2     6   0.343452       0.343452  -99    0.002796
     3     6  -0.501390      -0.369983    1    0.002609
     4     6  -0.169503      -0.169503  -99    0.005081
     5     6  -0.099895      -0.099895  -99    0.007075
     6     6  -0.030706      -0.030706  -99    0.009559
     7     6  -0.099895      -0.099895  -99    0.007075
     8     6  -0.169503      -0.169503  -99    0.005081
     9     6   0.249415       0.249415  -99    0.003721
    10     8  -0.571559      -0.571559  -99    0.001723
    11     6   0.343452       0.343452  -99    0.002796
    12     6  -0.311345      -0.369983    1    0.002609
    13     6  -0.253276      -0.369983    1    0.002609
    14    53  -0.325800      -0.325800  -99    0.002934
    15     1   0.106835       0.091948    0    0.000000
    16     1   0.082684       0.091948   15    0.000000
    17     1   0.092505       0.091948   15    0.000000
    18     1  -0.001328      -0.001328  -99    0.000000
    19     1   0.116851       0.091948   15    0.000000
    20     1   0.134864       0.091948   15    0.000000
    21     1   0.128692       0.091948   15    0.000000
    22     1   0.185271       0.185271  -99    0.000000
    23     1   0.185271       0.185271  -99    0.000000
    24     1   0.409601       0.409601  -99    0.000000
    25     1  -0.001328      -0.001328  -99    0.000000
    26     1   0.076967       0.091948   15    0.000000
    27     1   0.065217       0.091948   15    0.000000
    28     1   0.065853       0.091948   15    0.000000
    29     1   0.071637       0.091948   15    0.000000
    30     1   0.048280       0.091948   15    0.000000
    31     1   0.060679       0.091948   15    0.000000
    32     0   0.134066       0.129614    0    0.006108

        Statistics of the fitting:
  The initial sum of squares (ssvpot)                      0.279
  The residual sum of squares (chipot)                     0.008
  The std err of estimate (sqrt(chipot/N))               0.00136
  ESP relative RMS (SQRT(chipot/ssvpot))                 0.17235

 Dipole Moment (Debye)=   3.08593
