
Resp charges for organic molecule                                               

iqopt   irstrnt  ihfree     qwt
  2      1      1        0.001000

 rel.rms   dipole mom       Qxx      Qyy      Qzz
    0.11499   2.59916 -14.70366  29.71370 -15.01003

          Point charges before & after optimization
    NO   At.No.    q0           q(opt)   IVARY  d(rstr)/dq 
     1     6  -0.227641      -0.224908    0    0.004063
     2     6   0.276304       0.276304  -99    0.003403
     3     6  -0.453632      -0.453632  -99    0.002153
     4     6   0.313545       0.313545  -99    0.003039
     5     6  -0.046944      -0.046944  -99    0.009052
     6     6  -0.168677      -0.168677  -99    0.005100
     7     6  -0.161106      -0.161106  -99    0.005274
     8    35  -0.089378      -0.089378  -99    0.007456
     9     6   0.365654       0.365654  -99    0.002638
    10     6  -0.391406      -0.382464    0    0.002530
    11     6  -0.360123      -0.382464   10    0.002530
    12     8  -0.629430      -0.629430  -99    0.001569
    13     1   0.078106       0.076258    0    0.000000
    14     1   0.075593       0.076258   13    0.000000
    15     1   0.077734       0.076258   13    0.000000
    16     1   0.186003       0.186003  -99    0.000000
    17     1   0.166154       0.166154  -99    0.000000
    18     1   0.015123       0.015123  -99    0.000000
    19     1   0.084135       0.088302    0    0.000000
    20     1   0.092936       0.088302   19    0.000000
    21     1   0.091902       0.088302   19    0.000000
    22     1   0.080502       0.088302   19    0.000000
    23     1   0.082929       0.088302   19    0.000000
    24     1   0.084081       0.088302   19    0.000000
    25     1   0.457636       0.457636  -99    0.000000

        Statistics of the fitting:
  The initial sum of squares (ssvpot)                      0.323
  The residual sum of squares (chipot)                     0.004
  The std err of estimate (sqrt(chipot/N))               0.00110
  ESP relative RMS (SQRT(chipot/ssvpot))                 0.11499

 Dipole Moment (Debye)=   2.59916
