
Resp charges for organic molecule                                               

iqopt   irstrnt  ihfree     qwt
  2      1      1        0.001000

 rel.rms   dipole mom       Qxx      Qyy      Qzz
    0.10961   4.45676  10.64352 -10.83176   0.18824

          Point charges before & after optimization
    NO   At.No.    q0           q(opt)   IVARY  d(rstr)/dq 
     1     6  -0.199217      -0.134114    0    0.005977
     2     6   0.141748       0.107913    0    0.006797
     3     6  -0.090263      -0.090263  -99    0.007423
     4     6   0.041238       0.107913    2    0.006797
     5     6  -0.225621      -0.134114    1    0.005977
     6     6   0.557343       0.557343  -99    0.001766
     7     8  -0.494641      -0.494641  -99    0.001982
     8     7  -0.442161      -0.442161  -99    0.002206
     9     6   0.812305       0.812305  -99    0.001222
    10     8  -0.544377      -0.544377  -99    0.001807
    11     7  -0.931920      -0.931920  -99    0.001067
    12    35  -0.182827      -0.182827  -99    0.004799
    13     1   0.051774       0.044577    0    0.000000
    14     1   0.086519       0.044577   13    0.000000
    15     1   0.058712       0.044577   13    0.000000
    16     1   0.013597       0.016521    0    0.000000
    17     1   0.002768       0.016521   16    0.000000
    18     1   0.059739       0.016521   16    0.000000
    19     1   0.045232       0.016521   16    0.000000
    20     1   0.070203       0.044577   13    0.000000
    21     1   0.063132       0.044577   13    0.000000
    22     1   0.071323       0.044577   13    0.000000
    23     1   0.241959       0.241959  -99    0.000000
    24     1   0.396717       0.396717  -99    0.000000
    25     1   0.396717       0.396717  -99    0.000000

        Statistics of the fitting:
  The initial sum of squares (ssvpot)                      1.116
  The residual sum of squares (chipot)                     0.013
  The std err of estimate (sqrt(chipot/N))               0.00202
  ESP relative RMS (SQRT(chipot/ssvpot))                 0.10961

 Dipole Moment (Debye)=   4.45676
