
Resp charges for organic molecule                                               

iqopt   irstrnt  ihfree     qwt
  2      1      1        0.001000

 rel.rms   dipole mom       Qxx      Qyy      Qzz
    0.07120   4.01876 -82.57900  45.18623  37.39277

          Point charges before & after optimization
    NO   At.No.    q0           q(opt)   IVARY  d(rstr)/dq 
     1     6  -0.194847      -0.194847  -99    0.004566
     2     6  -0.216834      -0.216834  -99    0.004188
     3     6   0.279207       0.279207  -99    0.003372
     4     6  -0.216834      -0.216834  -99    0.004188
     5     6  -0.194847      -0.194847  -99    0.004566
     6     6   0.097445       0.097445  -99    0.007162
     7     6  -0.177488      -0.176234    0    0.004935
     8     6   0.338668       0.338668  -99    0.002832
     9     1   0.028575       0.028575  -99    0.000000
    10     6   0.660325       0.660325  -99    0.001497
    11     8  -0.565209      -0.565209  -99    0.001742
    12     8  -0.560836      -0.560836  -99    0.001755
    13     7  -0.926890      -0.926890  -99    0.001073
    14    17  -0.335981      -0.335981  -99    0.002853
    15     1   0.149523       0.149523  -99    0.000000
    16     1   0.188080       0.188080  -99    0.000000
    17     1   0.188080       0.188080  -99    0.000000
    18     1   0.149523       0.149523  -99    0.000000
    19     1   0.070086       0.069200    0    0.000000
    20     1   0.069472       0.069200   19    0.000000
    21     1   0.350291       0.350291  -99    0.000000
    22     1   0.350291       0.350291  -99    0.000000
    23     1   0.374797       0.374797  -99    0.000000
    24     0   0.095398       0.095306    0    0.007239

        Statistics of the fitting:
  The initial sum of squares (ssvpot)                      1.152
  The residual sum of squares (chipot)                     0.006
  The std err of estimate (sqrt(chipot/N))               0.00139
  ESP relative RMS (SQRT(chipot/ssvpot))                 0.07120

 Dipole Moment (Debye)=   4.01876
