
Resp charges for organic molecule                                               

iqopt   irstrnt  ihfree     qwt
  0      1      1        0.000500

 rel.rms   dipole mom       Qxx      Qyy      Qzz
    0.08057   5.45639  16.56314   4.80348 -21.36661

          Point charges before & after optimization
    NO   At.No.    q0           q(opt)   IVARY  d(rstr)/dq 
     1     6   0.000000      -0.305560    0    0.001555
     2     6   0.000000      -0.158806    0    0.002664
     3     6   0.000000       0.206290    0    0.002181
     4     6   0.000000      -0.158806    2    0.002664
     5     6   0.000000      -0.305560    1    0.001555
     6     6   0.000000       0.377224    0    0.001281
     7     8   0.000000      -0.286615    0    0.001647
     8     6   0.000000      -0.058890    0    0.004308
     9     6   0.000000       0.297637    0    0.001592
    10     1   0.000000       0.066504    0    0.000000
    11     6   0.000000       0.007425    0    0.004986
    12     8   0.000000      -0.429821    0    0.001133
    13     6   0.000000       0.950985    0    0.000523
    14     8   0.000000      -0.624398    0    0.000791
    15     7   0.000000      -0.975653    0    0.000510
    16     8   0.000000      -0.674638    0    0.000733
    17    17   0.000000      -0.338137    0    0.001418
    18     1   0.000000       0.175969    0    0.000000
    19     1   0.000000       0.185103    0    0.000000
    20     1   0.000000       0.185103   19    0.000000
    21     1   0.000000       0.175969   18    0.000000
    22     1   0.000000       0.038704    0    0.000000
    23     1   0.000000       0.088506    0    0.000000
    24     1   0.000000       0.098195    0    0.000000
    25     1   0.000000       0.082666    0    0.000000
    26     1   0.000000       0.426297    0    0.000000
    27     1   0.000000       0.426297   26    0.000000
    28     1   0.000000       0.436428    0    0.000000
    29     0   0.000000       0.091583    0    0.003687

        Statistics of the fitting:
  The initial sum of squares (ssvpot)                      1.040
  The residual sum of squares (chipot)                     0.007
  The std err of estimate (sqrt(chipot/N))               0.00137
  ESP relative RMS (SQRT(chipot/ssvpot))                 0.08057

 Dipole Moment (Debye)=   5.45639
