
Resp charges for organic molecule                                               

iqopt   irstrnt  ihfree     qwt
  2      1      1        0.001000

 rel.rms   dipole mom       Qxx      Qyy      Qzz
    0.08303   3.56432  41.69889 -23.34170 -18.35719

          Point charges before & after optimization
    NO   At.No.    q0           q(opt)   IVARY  d(rstr)/dq 
     1     6  -0.249845      -0.200949    0    0.004455
     2     6   0.208955       0.213665    0    0.004239
     3     8  -0.418628      -0.418628  -99    0.002323
     4     6   0.794851       0.794851  -99    0.001248
     5     8  -0.589630      -0.589630  -99    0.001672
     6     6  -0.146972      -0.146972  -99    0.005625
     7     6  -0.125977      -0.125977  -99    0.006217
     8     6  -0.134591      -0.134591  -99    0.005964
     9     6  -0.219385      -0.219385  -99    0.004148
    10     6   0.176728       0.176728  -99    0.004925
    11     6  -0.140514      -0.140514  -99    0.005798
    12     7  -0.425608      -0.425608  -99    0.002287
    13     6   0.826016       0.826016  -99    0.001202
    14     8  -0.574491      -0.574491  -99    0.001715
    15     6  -0.722463      -0.720144    0    0.001375
    16    35  -0.068222      -0.068222  -99    0.008261
    17     1   0.068380       0.061779    0    0.000000
    18     1   0.079254       0.061779   17    0.000000
    19     1   0.079268       0.061779   17    0.000000
    20     1   0.045458       0.039353    0    0.000000
    21     1   0.045556       0.039353   20    0.000000
    22     1   0.135229       0.135229  -99    0.000000
    23     1   0.150897       0.150897  -99    0.000000
    24     1   0.172262       0.172262  -99    0.000000
    25     1   0.178575       0.178575  -99    0.000000
    26     1   0.255133       0.255133  -99    0.000000
    27     1   0.299886       0.298855    0    0.000000
    28     1   0.299876       0.298855   27    0.000000

        Statistics of the fitting:
  The initial sum of squares (ssvpot)                      0.907
  The residual sum of squares (chipot)                     0.006
  The std err of estimate (sqrt(chipot/N))               0.00121
  ESP relative RMS (SQRT(chipot/ssvpot))                 0.08303

 Dipole Moment (Debye)=   3.56432
