
Resp charges for organic molecule                                               

iqopt   irstrnt  ihfree     qwt
  2      1      1        0.001000

 rel.rms   dipole mom       Qxx      Qyy      Qzz
    0.14480   4.01760 -69.77516  55.08317  14.69199

          Point charges before & after optimization
    NO   At.No.    q0           q(opt)   IVARY  d(rstr)/dq 
     1     6  -0.138812      -0.138812  -99    0.005845
     2     6  -0.324897      -0.324897  -99    0.002942
     3     6   0.536050       0.536050  -99    0.001834
     4     6  -0.354254      -0.354254  -99    0.002717
     5     6  -0.011068      -0.011068  -99    0.009939
     6     6   0.114892       0.114892  -99    0.006565
     7     6  -0.354387      -0.354387  -99    0.002716
     8     6   0.069503       0.069503  -99    0.008211
     9     6   0.596033       0.596033  -99    0.001655
    10     8  -0.561972      -0.561972  -99    0.001752
    11     7  -0.200049      -0.200049  -99    0.004471
    12     6   0.007725       0.007725  -99    0.009970
    13    16  -0.344092      -0.344092  -99    0.002791
    14     7  -0.198288      -0.198288  -99    0.004503
    15    35  -0.025741      -0.025741  -99    0.009684
    16     8  -0.576424      -0.576424  -99    0.001709
    17     1   0.155930       0.155930  -99    0.000000
    18     1   0.201012       0.201012  -99    0.000000
    19     1   0.216371       0.216371  -99    0.000000
    20     1   0.215719       0.215719  -99    0.000000
    21     1   0.287823       0.287823  -99    0.000000
    22     1   0.287073       0.287073  -99    0.000000
    23     1   0.401852       0.401852  -99    0.000000

        Statistics of the fitting:
  The initial sum of squares (ssvpot)                      0.894
  The residual sum of squares (chipot)                     0.019
  The std err of estimate (sqrt(chipot/N))               0.00217
  ESP relative RMS (SQRT(chipot/ssvpot))                 0.14480

 Dipole Moment (Debye)=   4.01760
