
Resp charges for organic molecule                                               

iqopt   irstrnt  ihfree     qwt
  0      1      1        0.000500

 rel.rms   dipole mom       Qxx      Qyy      Qzz
    0.10509   4.82930 -24.10493  15.93493   8.17000

          Point charges before & after optimization
    NO   At.No.    q0           q(opt)   IVARY  d(rstr)/dq 
     1     7   0.000000      -0.291334    0    0.001623
     2     7   0.000000       0.415447    0    0.001170
     3     6   0.000000       0.818325    0    0.000606
     4     7   0.000000      -0.509071    0    0.000964
     5     7   0.000000      -0.061734    0    0.004255
     6     7   0.000000      -0.656397    0    0.000753
     7     6   0.000000       0.451779    0    0.001081
     8     6   0.000000      -0.243578    0    0.001899
     9     6   0.000000       0.508107    0    0.000966
    10     6   0.000000      -0.384481    0    0.001259
    11     6   0.000000      -0.045968    0    0.004543
    12     6   0.000000       0.113130    0    0.003311
    13     6   0.000000      -0.189277    0    0.002336
    14     8   0.000000      -0.606361    0    0.000814
    15    35   0.000000      -0.325990    0    0.001466
    16     7   0.000000      -1.210391    0    0.000412
    17     1   0.000000       0.175193    0    0.000000
    18     1   0.000000       0.217129    0    0.000000
    19     1   0.000000       0.215148    0    0.000000
    20     1   0.000000       0.045277    0    0.000000
    21     1   0.000000       0.510340    0    0.000000
    22     1   0.000000       0.510340   21    0.000000
    23     1   0.000000       0.424041    0    0.000000
    24     0   0.000000       0.120327    0    0.003196

        Statistics of the fitting:
  The initial sum of squares (ssvpot)                      1.006
  The residual sum of squares (chipot)                     0.011
  The std err of estimate (sqrt(chipot/N))               0.00167
  ESP relative RMS (SQRT(chipot/ssvpot))                 0.10509

 Dipole Moment (Debye)=   4.82930
