
Resp charges for organic molecule                                               

iqopt   irstrnt  ihfree     qwt
  0      1      1        0.000500

 rel.rms   dipole mom       Qxx      Qyy      Qzz
    0.05496   4.59044   1.64339 -17.26650  15.62312

          Point charges before & after optimization
    NO   At.No.    q0           q(opt)   IVARY  d(rstr)/dq 
     1     6   0.000000      -0.387917    0    0.001248
     2     6   0.000000       0.105093    0    0.003447
     3     6   0.000000      -0.088235    0    0.003749
     4     6   0.000000      -0.206312    0    0.002181
     5     6   0.000000      -0.052539    0    0.004426
     6     1   0.000000       0.068364    0    0.000000
     7     6   0.000000       0.378883    0    0.001276
     8     6   0.000000      -0.439128    0    0.001110
     9     6   0.000000      -0.301535    0    0.001574
    10     6   0.000000      -0.018162    0    0.004920
    11     1   0.000000       0.148068    0    0.000000
    12     6   0.000000       0.468050    0    0.001045
    13     8   0.000000      -0.482012    0    0.001016
    14    35   0.000000      -0.386344    0    0.001253
    15     1   0.000000       0.105843    0    0.000000
    16     1   0.000000       0.101305    0    0.000000
    17     1   0.000000       0.095418    0    0.000000
    18     1   0.000000       0.049923    0    0.000000
    19     1   0.000000       0.048546    0    0.000000
    20     1   0.000000       0.071600    0    0.000000
    21     1   0.000000       0.063834    0    0.000000
    22     1   0.000000       0.116564    0    0.000000
    23     1   0.000000       0.095690    0    0.000000
    24     1   0.000000       0.102464    0    0.000000
    25     1   0.000000       0.065435    0    0.000000
    26     1   0.000000       0.067819    0    0.000000
    27     1   0.000000       0.090029    0    0.000000
    28     0   0.000000       0.119257    0    0.003213

        Statistics of the fitting:
  The initial sum of squares (ssvpot)                      0.584
  The residual sum of squares (chipot)                     0.002
  The std err of estimate (sqrt(chipot/N))               0.00074
  ESP relative RMS (SQRT(chipot/ssvpot))                 0.05496

 Dipole Moment (Debye)=   4.59044
