
Resp charges for organic molecule                                               

iqopt   irstrnt  ihfree     qwt
  2      1      1        0.001000

 rel.rms   dipole mom       Qxx      Qyy      Qzz
    0.13618   2.39978  30.62133  -8.30528 -22.31605

          Point charges before & after optimization
    NO   At.No.    q0           q(opt)   IVARY  d(rstr)/dq 
     1     6  -0.408051      -0.509305    0    0.001927
     2     6   0.496166       0.496166  -99    0.001976
     3     6  -0.463769      -0.509305    1    0.001927
     4     7  -0.663795      -0.663795  -99    0.001490
     5     6  -0.002308       0.009818    0    0.009952
     6     6   0.256557       0.256557  -99    0.003632
     7     1   0.047031       0.047031  -99    0.000000
     8     6   0.097238       0.097238  -99    0.007169
     9     6  -0.182035      -0.182035  -99    0.004815
    10     6  -0.158712      -0.158712  -99    0.005331
    11     6  -0.172049      -0.172049  -99    0.005025
    12     6  -0.150835      -0.150835  -99    0.005526
    13     6   0.089609       0.089609  -99    0.007447
    14    17  -0.297110      -0.297110  -99    0.003190
    15     8  -0.646430      -0.646430  -99    0.001529
    16     1   0.118966       0.131230    0    0.000000
    17     1   0.083778       0.131230   16    0.000000
    18     1   0.115061       0.131230   16    0.000000
    19     1  -0.023275      -0.023275  -99    0.000000
    20     1   0.112231       0.131230   16    0.000000
    21     1   0.103654       0.131230   16    0.000000
    22     1   0.121917       0.131230   16    0.000000
    23     1   0.054747       0.053893    0    0.000000
    24     1   0.043192       0.053893   23    0.000000
    25     1   0.176933       0.176933  -99    0.000000
    26     1   0.152611       0.152611  -99    0.000000
    27     1   0.156724       0.156724  -99    0.000000
    28     1   0.168967       0.168967  -99    0.000000
    29     1   0.381564       0.381564  -99    0.000000
    30     1   0.314330       0.314330  -99    0.000000
    31     0   0.077097       0.070135    0    0.008187

        Statistics of the fitting:
  The initial sum of squares (ssvpot)                      0.422
  The residual sum of squares (chipot)                     0.008
  The std err of estimate (sqrt(chipot/N))               0.00152
  ESP relative RMS (SQRT(chipot/ssvpot))                 0.13618

 Dipole Moment (Debye)=   2.39978
