
Resp charges for organic molecule                                               

iqopt   irstrnt  ihfree     qwt
  0      1      1        0.000500

 rel.rms   dipole mom       Qxx      Qyy      Qzz
    0.08933   4.11287   4.06887 -19.56137  15.49250

          Point charges before & after optimization
    NO   At.No.    q0           q(opt)   IVARY  d(rstr)/dq 
     1     6   0.000000      -0.308842    0    0.001540
     2     6   0.000000       0.171324    0    0.002521
     3     6   0.000000      -0.308414    0    0.001542
     4     6   0.000000      -0.088504    0    0.003744
     5     6   0.000000       0.150248    0    0.002770
     6     6   0.000000      -0.333006    0    0.001438
     7     6   0.000000       0.008224    0    0.004983
     8     7   0.000000       0.724011    0    0.000684
     9     8   0.000000      -0.446124    0    0.001094
    10     8   0.000000      -0.446124    9    0.001094
    11     7   0.000000      -0.251781    0    0.001846
    12     6   0.000000       0.498317    0    0.000984
    13     8   0.000000      -0.540771    0    0.000909
    14     6   0.000000       0.066492    0    0.004164
    15     1   0.000000       0.137014    0    0.000000
    16     6   0.000000      -0.238909    0    0.001931
    17    35   0.000000      -0.355861    0    0.001353
    18     1   0.000000       0.126666    0    0.000000
    19     1   0.000000       0.078723    0    0.000000
    20     1   0.000000       0.126219    0    0.000000
    21     1   0.000000       0.194074    0    0.000000
    22     1   0.000000       0.183291    0    0.000000
    23     1   0.000000       0.238859    0    0.000000
    24     1   0.000000       0.206566    0    0.000000
    25     1   0.000000       0.100928    0    0.000000
    26     1   0.000000       0.106737    0    0.000000
    27     1   0.000000       0.094278    0    0.000000
    28     0   0.000000       0.106367    0    0.003425

        Statistics of the fitting:
  The initial sum of squares (ssvpot)                      0.635
  The residual sum of squares (chipot)                     0.005
  The std err of estimate (sqrt(chipot/N))               0.00114
  ESP relative RMS (SQRT(chipot/ssvpot))                 0.08933

 Dipole Moment (Debye)=   4.11287
