
Resp charges for organic molecule                                               

iqopt   irstrnt  ihfree     qwt
  2      1      1        0.001000

 rel.rms   dipole mom       Qxx      Qyy      Qzz
    0.10337   6.07121  26.77683 -25.74833  -1.02850

          Point charges before & after optimization
    NO   At.No.    q0           q(opt)   IVARY  d(rstr)/dq 
     1     6  -0.271621      -0.291166    0    0.003248
     2     6   0.283738       0.283738  -99    0.003324
     3     1   0.063390       0.063390  -99    0.000000
     4     6  -0.204764      -0.184655    0    0.004762
     5     6   0.278525       0.278525  -99    0.003379
     6     1   0.076817       0.076817  -99    0.000000
     7     7  -0.124643      -0.124643  -99    0.006258
     8     8  -0.336572      -0.336572  -99    0.002848
     9     6   0.611629       0.611629  -99    0.001614
    10     8  -0.523384      -0.523384  -99    0.001877
    11     6  -0.212218      -0.212218  -99    0.004263
    12     6  -0.005041      -0.005041  -99    0.009987
    13     6  -0.063072      -0.063072  -99    0.008458
    14     6  -0.043924      -0.043924  -99    0.009156
    15     6  -0.237965      -0.237965  -99    0.003874
    16     6   0.274076       0.274076  -99    0.003428
    17     8  -0.374815      -0.374815  -99    0.002578
    18    17  -0.104860      -0.104860  -99    0.006901
    19     1   0.084937       0.090719    0    0.000000
    20     1   0.099604       0.090719   19    0.000000
    21     1   0.062769       0.090719   19    0.000000
    22     1   0.075278       0.080475    0    0.000000
    23     1   0.111083       0.080475   22    0.000000
    24     1   0.152971       0.152971  -99    0.000000
    25     1   0.154520       0.154520  -99    0.000000
    26     1   0.173542       0.173542  -99    0.000000

        Statistics of the fitting:
  The initial sum of squares (ssvpot)                      0.994
  The residual sum of squares (chipot)                     0.011
  The std err of estimate (sqrt(chipot/N))               0.00180
  ESP relative RMS (SQRT(chipot/ssvpot))                 0.10337

 Dipole Moment (Debye)=   6.07121
