
Resp charges for organic molecule                                               

iqopt   irstrnt  ihfree     qwt
  0      1      1        0.000500

 rel.rms   dipole mom       Qxx      Qyy      Qzz
    0.07570   6.44795  96.65359 -27.57984 -69.07375

          Point charges before & after optimization
    NO   At.No.    q0           q(opt)   IVARY  d(rstr)/dq 
     1     6   0.000000      -0.037592    0    0.004680
     2     6   0.000000      -0.232129    0    0.001978
     3     6   0.000000       0.172420    0    0.002508
     4     7   0.000000      -0.459877    0    0.001062
     5     6   0.000000       0.241533    0    0.001913
     6     6   0.000000      -0.198352    0    0.002251
     7     6   0.000000       0.488867    0    0.001002
     8     8   0.000000      -0.533683    0    0.000921
     9     7   0.000000      -0.054748    0    0.004386
    10     7   0.000000      -0.321682    0    0.001484
    11     6   0.000000       0.091789    0    0.003683
    12     6   0.000000       0.188882    0    0.002340
    13     6   0.000000      -0.400228    0    0.001212
    14     6   0.000000      -0.057595    0    0.004333
    15     6   0.000000       0.134919    0    0.002977
    16     8   0.000000      -0.131343    0    0.003029
    17    53   0.000000      -0.281718    0    0.001673
    18     1   0.000000       0.147795    0    0.000000
    19     1   0.000000       0.151167    0    0.000000
    20     1   0.000000       0.100865    0    0.000000
    21     1   0.000000       0.158952    0    0.000000
    22     1   0.000000       0.159515    0    0.000000
    23     1   0.000000       0.121417    0    0.000000
    24     1   0.000000       0.215355    0    0.000000
    25     1   0.000000       0.162642    0    0.000000
    26     0   0.000000       0.172829    0    0.002504

        Statistics of the fitting:
  The initial sum of squares (ssvpot)                      1.616
  The residual sum of squares (chipot)                     0.009
  The std err of estimate (sqrt(chipot/N))               0.00138
  ESP relative RMS (SQRT(chipot/ssvpot))                 0.07570

 Dipole Moment (Debye)=   6.44795
