
Resp charges for organic molecule                                               

iqopt   irstrnt  ihfree     qwt
  0      1      1        0.000500

 rel.rms   dipole mom       Qxx      Qyy      Qzz
    0.09142   5.13351  18.14774  -1.34427 -16.80347

          Point charges before & after optimization
    NO   At.No.    q0           q(opt)   IVARY  d(rstr)/dq 
     1     6   0.000000      -0.240714    0    0.001918
     2     6   0.000000       0.291976    0    0.001620
     3     7   0.000000      -0.861292    0    0.000577
     4     6   0.000000       0.967024    0    0.000514
     5     8   0.000000      -0.586240    0    0.000841
     6     7   0.000000      -0.787561    0    0.000630
     7     6   0.000000       0.154158    0    0.002721
     8     6   0.000000      -0.048942    0    0.004491
     9     6   0.000000      -0.135144    0    0.002974
    10     6   0.000000      -0.220125    0    0.002068
    11     6   0.000000      -0.144206    0    0.002849
    12     6   0.000000       0.205841    0    0.002185
    13     6   0.000000      -0.125062    0    0.003122
    14    17   0.000000      -0.329223    0    0.001453
    15     1   0.000000       0.062538    0    0.000000
    16     1   0.000000       0.076899    0    0.000000
    17     1   0.000000       0.048038    0    0.000000
    18     1   0.000000       0.018918    0    0.000000
    19     1   0.000000       0.028983    0    0.000000
    20     1   0.000000       0.389414    0    0.000000
    21     1   0.000000       0.381202    0    0.000000
    22     1   0.000000       0.065585    0    0.000000
    23     1   0.000000       0.057049    0    0.000000
    24     1   0.000000       0.141065    0    0.000000
    25     1   0.000000       0.167734    0    0.000000
    26     1   0.000000       0.164719    0    0.000000
    27     1   0.000000       0.165350    0    0.000000
    28     0   0.000000       0.092016    0    0.003679

        Statistics of the fitting:
  The initial sum of squares (ssvpot)                      0.881
  The residual sum of squares (chipot)                     0.007
  The std err of estimate (sqrt(chipot/N))               0.00147
  ESP relative RMS (SQRT(chipot/ssvpot))                 0.09142

 Dipole Moment (Debye)=   5.13351
