
Resp charges for organic molecule                                               

iqopt   irstrnt  ihfree     qwt
  2      1      1        0.001000

 rel.rms   dipole mom       Qxx      Qyy      Qzz
    0.09083   5.51231  16.63187   4.80038 -21.43225

          Point charges before & after optimization
    NO   At.No.    q0           q(opt)   IVARY  d(rstr)/dq 
     1     6  -0.305560      -0.305560  -99    0.003110
     2     6  -0.158806      -0.158806  -99    0.005329
     3     6   0.206290       0.206290  -99    0.004362
     4     6  -0.158806      -0.158806  -99    0.005329
     5     6  -0.305560      -0.305560  -99    0.003110
     6     6   0.377224       0.377224  -99    0.002562
     7     8  -0.286615      -0.286615  -99    0.003294
     8     6  -0.058890      -0.066183    0    0.008339
     9     6   0.297637       0.297637  -99    0.003185
    10     1   0.066504       0.066504  -99    0.000000
    11     6   0.007425       0.022620    0    0.009754
    12     8  -0.429821      -0.429821  -99    0.002266
    13     6   0.950985       0.950985  -99    0.001046
    14     8  -0.624398      -0.624398  -99    0.001581
    15     7  -0.975653      -0.975653  -99    0.001020
    16     8  -0.674638      -0.674638  -99    0.001466
    17    17  -0.338137      -0.338137  -99    0.002836
    18     1   0.175969       0.175969  -99    0.000000
    19     1   0.185103       0.185103  -99    0.000000
    20     1   0.185103       0.185103  -99    0.000000
    21     1   0.175969       0.175969  -99    0.000000
    22     1   0.038704       0.067660    0    0.000000
    23     1   0.088506       0.067660   22    0.000000
    24     1   0.098195       0.082456    0    0.000000
    25     1   0.082666       0.082456   24    0.000000
    26     1   0.426297       0.426297  -99    0.000000
    27     1   0.426297       0.426297  -99    0.000000
    28     1   0.436428       0.436428  -99    0.000000
    29     0   0.091583       0.091519    0    0.007377

        Statistics of the fitting:
  The initial sum of squares (ssvpot)                      1.040
  The residual sum of squares (chipot)                     0.009
  The std err of estimate (sqrt(chipot/N))               0.00154
  ESP relative RMS (SQRT(chipot/ssvpot))                 0.09083

 Dipole Moment (Debye)=   5.51231
