
Resp charges for organic molecule                                               

iqopt   irstrnt  ihfree     qwt
  0      1      1        0.000500

 rel.rms   dipole mom       Qxx      Qyy      Qzz
    0.06031   5.11607 -47.68422  51.33936  -3.65514

          Point charges before & after optimization
    NO   At.No.    q0           q(opt)   IVARY  d(rstr)/dq 
     1     6   0.000000      -0.122256    0    0.003166
     2     8   0.000000      -0.212872    0    0.002126
     3     6   0.000000       0.311203    0    0.001530
     4     6   0.000000      -0.350410    0    0.001372
     5     6   0.000000       0.310700    0    0.001532
     6     6   0.000000       0.028019    0    0.004815
     7     6   0.000000      -0.176869    0    0.002461
     8     6   0.000000      -0.205485    0    0.002188
     9     6   0.000000       0.505463    0    0.000970
    10     8   0.000000      -0.519943    0    0.000944
    11    35   0.000000      -0.329529    0    0.001452
    12     8   0.000000      -0.219308    0    0.002074
    13     6   0.000000      -0.129004    0    0.003063
    14     1   0.000000       0.120361    0    0.000000
    15     1   0.000000       0.094420    0    0.000000
    16     1   0.000000       0.094415    0    0.000000
    17     1   0.000000       0.149603    0    0.000000
    18     1   0.000000       0.207925    0    0.000000
    19     1   0.000000       0.000545    0    0.000000
    20     1   0.000000       0.118033    0    0.000000
    21     1   0.000000       0.101597    0    0.000000
    22     1   0.000000       0.101607    0    0.000000
    23     0   0.000000       0.121785    0    0.003173

        Statistics of the fitting:
  The initial sum of squares (ssvpot)                      1.032
  The residual sum of squares (chipot)                     0.004
  The std err of estimate (sqrt(chipot/N))               0.00103
  ESP relative RMS (SQRT(chipot/ssvpot))                 0.06031

 Dipole Moment (Debye)=   5.11607
