
Resp charges for organic molecule                                               

iqopt   irstrnt  ihfree     qwt
  2      1      1        0.001000

 rel.rms   dipole mom       Qxx      Qyy      Qzz
    0.10426   6.54220  -4.81834  11.50813  -6.68979

          Point charges before & after optimization
    NO   At.No.    q0           q(opt)   IVARY  d(rstr)/dq 
     1     6  -0.403770      -0.542038    0    0.001814
     2     6   0.420737       0.420737  -99    0.002312
     3     6  -0.431475      -0.542038    1    0.001814
     4     7  -0.613809      -0.613809  -99    0.001608
     5     7  -0.388238      -0.388238  -99    0.002494
     6     6   0.775453       0.775453  -99    0.001279
     7     8  -0.561432      -0.561432  -99    0.001754
     8     6  -0.222662      -0.182494    0    0.004805
     9     8  -0.331855      -0.331855  -99    0.002885
    10     6   0.488072       0.488072  -99    0.002007
    11     6  -0.361253      -0.361253  -99    0.002668
    12     6  -0.134739      -0.134739  -99    0.005960
    13     6   0.182361       0.182361  -99    0.004808
    14     6  -0.134739      -0.134739  -99    0.005960
    15     6  -0.361253      -0.361253  -99    0.002668
    16    17  -0.328988      -0.328988  -99    0.002908
    17     1   0.092744       0.153591    0    0.000000
    18     1   0.093383       0.153591   17    0.000000
    19     1   0.147401       0.153591   17    0.000000
    20     1  -0.003832      -0.003832  -99    0.000000
    21     1   0.097070       0.153591   17    0.000000
    22     1   0.116777       0.153591   17    0.000000
    23     1   0.130413       0.153591   17    0.000000
    24     1   0.369951       0.369951  -99    0.000000
    25     1   0.308753       0.308753  -99    0.000000
    26     1   0.076576       0.088049    0    0.000000
    27     1   0.132741       0.088049   26    0.000000
    28     1   0.193321       0.193321  -99    0.000000
    29     1   0.184342       0.184342  -99    0.000000
    30     1   0.184342       0.184342  -99    0.000000
    31     1   0.193321       0.193321  -99    0.000000
    32     0   0.090286       0.088410    0    0.007492

        Statistics of the fitting:
  The initial sum of squares (ssvpot)                      1.537
  The residual sum of squares (chipot)                     0.017
  The std err of estimate (sqrt(chipot/N))               0.00208
  ESP relative RMS (SQRT(chipot/ssvpot))                 0.10426

 Dipole Moment (Debye)=   6.54220
