
Resp charges for organic molecule                                               

iqopt   irstrnt  ihfree     qwt
  0      1      1        0.000500

 rel.rms   dipole mom       Qxx      Qyy      Qzz
    0.07595   3.63588  41.46849 -22.36692 -19.10157

          Point charges before & after optimization
    NO   At.No.    q0           q(opt)   IVARY  d(rstr)/dq 
     1     6   0.000000      -0.254423    0    0.001829
     2     6   0.000000       0.203102    0    0.002209
     3     8   0.000000      -0.413338    0    0.001176
     4     6   0.000000       0.792571    0    0.000626
     5     8   0.000000      -0.592022    0    0.000833
     6     6   0.000000      -0.157307    0    0.002683
     7     6   0.000000      -0.115981    0    0.003265
     8     6   0.000000      -0.135182    0    0.002974
     9     6   0.000000      -0.216244    0    0.002099
    10     6   0.000000       0.145061    0    0.002838
    11     6   0.000000      -0.129971    0    0.003049
    12     7   0.000000      -0.350521    0    0.001372
    13     6   0.000000       0.712803    0    0.000695
    14     8   0.000000      -0.577906    0    0.000853
    15     6   0.000000      -0.433323    0    0.001124
    16    35   0.000000      -0.225982    0    0.002023
    17     1   0.000000       0.069944    0    0.000000
    18     1   0.000000       0.080523    0    0.000000
    19     1   0.000000       0.080537    0    0.000000
    20     1   0.000000       0.047893    0    0.000000
    21     1   0.000000       0.047987    0    0.000000
    22     1   0.000000       0.132036    0    0.000000
    23     1   0.000000       0.149646    0    0.000000
    24     1   0.000000       0.173852    0    0.000000
    25     1   0.000000       0.190638    0    0.000000
    26     1   0.000000       0.232902    0    0.000000
    27     1   0.000000       0.236057    0    0.000000
    28     1   0.000000       0.235989    0    0.000000
    29     0   0.000000       0.070658    0    0.004083

        Statistics of the fitting:
  The initial sum of squares (ssvpot)                      0.907
  The residual sum of squares (chipot)                     0.005
  The std err of estimate (sqrt(chipot/N))               0.00111
  ESP relative RMS (SQRT(chipot/ssvpot))                 0.07595

 Dipole Moment (Debye)=   3.63588
