
Resp charges for organic molecule                                               

iqopt   irstrnt  ihfree     qwt
  2      1      1        0.001000

 rel.rms   dipole mom       Qxx      Qyy      Qzz
    0.08486   5.30671 -37.87896  -9.99465  47.87362

          Point charges before & after optimization
    NO   At.No.    q0           q(opt)   IVARY  d(rstr)/dq 
     1     6  -0.170492      -0.088851    0    0.007476
     2     6   0.131809       0.131809  -99    0.006044
     3     6   0.006323       0.006323  -99    0.009980
     4     6   0.524051       0.524051  -99    0.001874
     5     8  -0.544539      -0.544539  -99    0.001806
     6     7  -0.471993      -0.471993  -99    0.002073
     7     1   0.351317       0.351317  -99    0.000000
     8     6   0.640709       0.640709  -99    0.001542
     9     8  -0.569028      -0.569028  -99    0.001731
    10     7  -0.436804      -0.436804  -99    0.002232
    11     1   0.343691       0.343691  -99    0.000000
    12     7  -0.202102      -0.202102  -99    0.004435
    13     6  -0.123919      -0.158467    0    0.005336
    14     6   0.155684       0.173843    0    0.004986
    15     9  -0.274208      -0.274208  -99    0.003426
    16     6   0.039990      -0.050613    0    0.008923
    17     6  -0.262909      -0.211110    0    0.004281
    18    17  -0.184641      -0.184641  -99    0.004762
    19     1   0.085133       0.057133    0    0.000000
    20     1   0.096490       0.057133   19    0.000000
    21     1   0.047389       0.057133   19    0.000000
    22     1   0.118452       0.130955    0    0.000000
    23     1   0.112531       0.130955   22    0.000000
    24     1   0.055884       0.040547    0    0.000000
    25     1   0.042029       0.040547   24    0.000000
    26     1   0.079211       0.104357    0    0.000000
    27     1   0.082611       0.104357   26    0.000000
    28     1   0.168849       0.148746    0    0.000000
    29     1   0.158484       0.148746   28    0.000000

        Statistics of the fitting:
  The initial sum of squares (ssvpot)                      1.403
  The residual sum of squares (chipot)                     0.010
  The std err of estimate (sqrt(chipot/N))               0.00171
  ESP relative RMS (SQRT(chipot/ssvpot))                 0.08486

 Dipole Moment (Debye)=   5.30671
