
Resp charges for organic molecule                                               

iqopt   irstrnt  ihfree     qwt
  0      1      1        0.000500

 rel.rms   dipole mom       Qxx      Qyy      Qzz
    0.05459   8.20660  25.14806  -0.95330 -24.19477

          Point charges before & after optimization
    NO   At.No.    q0           q(opt)   IVARY  d(rstr)/dq 
     1     6   0.000000      -0.215225    0    0.002107
     2     6   0.000000       0.077989    0    0.003943
     3     6   0.000000      -0.081952    0    0.003867
     4     6   0.000000       0.658696    0    0.000750
     5     8   0.000000      -0.533859    0    0.000921
     6     8   0.000000      -0.235790    0    0.001952
     7     6   0.000000       0.146991    0    0.002812
     8     6   0.000000      -0.090371    0    0.003709
     9     6   0.000000      -0.101669    0    0.003506
    10     6   0.000000      -0.358144    0    0.001345
    11     6   0.000000       0.273918    0    0.001715
    12     6   0.000000       0.051858    0    0.004439
    13    53   0.000000      -0.401118    0    0.001210
    14     8   0.000000      -0.171145    0    0.002522
    15     6   0.000000      -0.155593    0    0.002703
    16     6   0.000000      -0.304410    0    0.001560
    17     1   0.000000       0.083573    0    0.000000
    18     1   0.000000       0.083565    0    0.000000
    19     1   0.000000       0.092366    0    0.000000
    20     1   0.000000       0.169448    0    0.000000
    21     1   0.000000       0.182955    0    0.000000
    22     1   0.000000       0.102769    0    0.000000
    23     1   0.000000       0.116986    0    0.000000
    24     1   0.000000       0.102791    0    0.000000
    25     1   0.000000       0.097925    0    0.000000
    26     1   0.000000       0.120040    0    0.000000
    27     1   0.000000       0.097909    0    0.000000
    28     0   0.000000       0.189499    0    0.002334

        Statistics of the fitting:
  The initial sum of squares (ssvpot)                      1.282
  The residual sum of squares (chipot)                     0.004
  The std err of estimate (sqrt(chipot/N))               0.00095
  ESP relative RMS (SQRT(chipot/ssvpot))                 0.05459

 Dipole Moment (Debye)=   8.20660
