
Resp charges for organic molecule                                               

iqopt   irstrnt  ihfree     qwt
  2      1      1        0.001000

 rel.rms   dipole mom       Qxx      Qyy      Qzz
    0.13972   6.24956  23.46864  11.59981 -35.06845

          Point charges before & after optimization
    NO   At.No.    q0           q(opt)   IVARY  d(rstr)/dq 
     1     6  -0.135984      -0.135984  -99    0.005924
     2     6  -0.050559      -0.050559  -99    0.008924
     3     6  -0.127499      -0.127499  -99    0.006171
     4     6  -0.050559      -0.050559  -99    0.008924
     5     6  -0.135984      -0.135984  -99    0.005924
     6     6   0.077500       0.077500  -99    0.007904
     7     6   0.185985       0.185985  -99    0.004736
     8     6  -0.569006      -0.569006  -99    0.001731
     9     7   0.473909       0.473909  -99    0.002065
    10     6  -0.352824      -0.352824  -99    0.002727
    11     6  -0.295899      -0.295899  -99    0.003202
    12    16   0.021993       0.021993  -99    0.009767
    13     6   0.128478       0.128478  -99    0.006142
    14     7  -0.383936      -0.383936  -99    0.002521
    15    35  -0.086963      -0.086963  -99    0.007546
    16     1   0.118533       0.118533  -99    0.000000
    17     1   0.136845       0.136845  -99    0.000000
    18     1   0.136845       0.136845  -99    0.000000
    19     1   0.118533       0.118533  -99    0.000000
    20     1   0.262940       0.262940  -99    0.000000
    21     1   0.252680       0.252680  -99    0.000000
    22     1   0.274970       0.274970  -99    0.000000

        Statistics of the fitting:
  The initial sum of squares (ssvpot)                      0.820
  The residual sum of squares (chipot)                     0.016
  The std err of estimate (sqrt(chipot/N))               0.00202
  ESP relative RMS (SQRT(chipot/ssvpot))                 0.13972

 Dipole Moment (Debye)=   6.24956
