
Resp charges for organic molecule                                               

iqopt   irstrnt  ihfree     qwt
  0      1      1        0.000500

 rel.rms   dipole mom       Qxx      Qyy      Qzz
    0.07391   5.40689  74.53442 -26.73635 -47.79807

          Point charges before & after optimization
    NO   At.No.    q0           q(opt)   IVARY  d(rstr)/dq 
     1     6   0.000000      -0.186759    0    0.002360
     2     6   0.000000      -0.113804    0    0.003300
     3     6   0.000000      -0.186759    1    0.002360
     4     6   0.000000      -0.092629    0    0.003668
     5     6   0.000000       0.043855    0    0.004579
     6     6   0.000000      -0.092629    4    0.003668
     7     6   0.000000      -0.033503    0    0.004741
     8    17   0.000000      -0.288810    0    0.001636
     9     6   0.000000       0.708645    0    0.000699
    10     8   0.000000      -0.605988    0    0.000814
    11     7   0.000000      -0.630660    0    0.000783
    12     6   0.000000       0.868269    0    0.000572
    13     8   0.000000      -0.612023    0    0.000806
    14     7   0.000000      -0.952690    0    0.000522
    15     1   0.000000       0.121634    0    0.000000
    16     1   0.000000       0.138777    0    0.000000
    17     1   0.000000       0.149984    0    0.000000
    18     1   0.000000       0.121650    0    0.000000
    19     1   0.000000       0.121650   18    0.000000
    20     1   0.000000       0.149984   17    0.000000
    21     1   0.000000       0.432159    0    0.000000
    22     1   0.000000       0.451891    0    0.000000
    23     1   0.000000       0.432159   21    0.000000
    24     0   0.000000       0.055599    0    0.004370

        Statistics of the fitting:
  The initial sum of squares (ssvpot)                      1.400
  The residual sum of squares (chipot)                     0.008
  The std err of estimate (sqrt(chipot/N))               0.00157
  ESP relative RMS (SQRT(chipot/ssvpot))                 0.07391

 Dipole Moment (Debye)=   5.40689
