
Resp charges for organic molecule                                               

iqopt   irstrnt  ihfree     qwt
  2      1      1        0.001000

 rel.rms   dipole mom       Qxx      Qyy      Qzz
    0.15824   2.92251  11.43464   3.53405 -14.96869

          Point charges before & after optimization
    NO   At.No.    q0           q(opt)   IVARY  d(rstr)/dq 
     1    16  -0.208947      -0.208947  -99    0.004317
     2     6   0.514480       0.514480  -99    0.001908
     3     7  -0.512487      -0.512487  -99    0.001915
     4     6   0.094514       0.098920    0    0.007109
     5     6  -0.040962      -0.040962  -99    0.009254
     6     7  -0.651336      -0.651336  -99    0.001518
     7     6   0.758536       0.758536  -99    0.001307
     8     7  -0.681147      -0.681147  -99    0.001453
     9     6   0.320803       0.320803  -99    0.002976
    10     6  -0.419856      -0.419856  -99    0.002317
    11     6   0.053294       0.053294  -99    0.008825
    12     6  -0.403392      -0.403392  -99    0.002406
    13     6  -0.145066      -0.140738    0    0.005792
    14    35  -0.287142      -0.287142  -99    0.003289
    15     1   0.138576       0.138576  -99    0.000000
    16     1   0.146820       0.146820  -99    0.000000
    17     1   0.173497       0.173497  -99    0.000000
    18     1   0.084907       0.084907  -99    0.000000
    19     1   0.154605       0.154605  -99    0.000000
    20     1   0.057342       0.059044    0    0.000000
    21     1   0.065064       0.059044   20    0.000000
    22     1   0.163558       0.151813    0    0.000000
    23     1   0.143838       0.151813   22    0.000000
    24     1   0.389011       0.389011  -99    0.000000
    25     0   0.091489       0.090843    0    0.007402

        Statistics of the fitting:
  The initial sum of squares (ssvpot)                      0.434
  The residual sum of squares (chipot)                     0.011
  The std err of estimate (sqrt(chipot/N))               0.00167
  ESP relative RMS (SQRT(chipot/ssvpot))                 0.15824

 Dipole Moment (Debye)=   2.92251
