
Resp charges for organic molecule                                               

iqopt   irstrnt  ihfree     qwt
  2      1      1        0.001000

 rel.rms   dipole mom       Qxx      Qyy      Qzz
    0.16186   3.17619  33.45703 -10.48638 -22.97065

          Point charges before & after optimization
    NO   At.No.    q0           q(opt)   IVARY  d(rstr)/dq 
     1     6  -0.663923      -0.663923  -99    0.001489
     2     6   0.477690       0.477690  -99    0.002049
     3     7  -0.823945      -0.823945  -99    0.001205
     4     6   1.250649       1.250649  -99    0.000797
     5     7  -0.823945      -0.823945  -99    0.001205
     6     6   0.477690       0.477690  -99    0.002049
     7     7  -0.891194      -0.891194  -99    0.001115
     8     6   0.692913       0.692913  -99    0.001428
     9     7  -0.496704      -0.496704  -99    0.001974
    10     6  -0.015336      -0.009362    0    0.009956
    11     6  -0.030522      -0.030522  -99    0.009564
    12     1   0.171448       0.171448  -99    0.000000
    13    16  -0.221278      -0.221278  -99    0.004118
    14     6  -0.456145      -0.496432    0    0.001975
    15    53  -0.098589      -0.098589  -99    0.007121
    16     1   0.215225       0.215225  -99    0.000000
    17     1   0.090296       0.090296  -99    0.000000
    18     1   0.090296       0.090296  -99    0.000000
    19     1   0.410293       0.410293  -99    0.000000
    20     1   0.079190       0.093906    0    0.000000
    21     1   0.118460       0.093906   20    0.000000
    22     1   0.230605       0.245791    0    0.000000
    23     1   0.216825       0.245791   22    0.000000

        Statistics of the fitting:
  The initial sum of squares (ssvpot)                      0.567
  The residual sum of squares (chipot)                     0.015
  The std err of estimate (sqrt(chipot/N))               0.00184
  ESP relative RMS (SQRT(chipot/ssvpot))                 0.16186

 Dipole Moment (Debye)=   3.17619
