
Resp charges for organic molecule                                               

iqopt   irstrnt  ihfree     qwt
  2      1      1        0.001000

 rel.rms   dipole mom       Qxx      Qyy      Qzz
    0.08961   4.64651   0.31017 -15.74033  15.43015

          Point charges before & after optimization
    NO   At.No.    q0           q(opt)   IVARY  d(rstr)/dq 
     1     6  -0.395638      -0.322515    0    0.002962
     2     6   0.077452       0.077452  -99    0.007906
     3     6  -0.106113      -0.093394    0    0.007308
     4     6  -0.152822      -0.161496    0    0.005265
     5     6   0.054048       0.054048  -99    0.008797
     6     1   0.060924       0.060924  -99    0.000000
     7     6   0.327688       0.327688  -99    0.002919
     8     6  -0.455806      -0.367650    0    0.002625
     9     6  -0.255417      -0.367650    8    0.002625
    10     6  -0.498482      -0.498482  -99    0.001967
    11     1   0.242717       0.242717  -99    0.000000
    12     6   0.669207       0.669207  -99    0.001478
    13     8  -0.525005      -0.525005  -99    0.001871
    14    35  -0.098249      -0.098249  -99    0.007133
    15     1   0.105478       0.083702    0    0.000000
    16     1   0.100613       0.083702   15    0.000000
    17     1   0.104524       0.083702   15    0.000000
    18     1   0.053828       0.047801    0    0.000000
    19     1   0.052750       0.047801   18    0.000000
    20     1   0.049853       0.060636    0    0.000000
    21     1   0.065364       0.060636   20    0.000000
    22     1   0.127042       0.089071    0    0.000000
    23     1   0.100862       0.089071   22    0.000000
    24     1   0.108894       0.089071   22    0.000000
    25     1   0.064471       0.089071   22    0.000000
    26     1   0.060351       0.089071   22    0.000000
    27     1   0.061465       0.089071   22    0.000000

        Statistics of the fitting:
  The initial sum of squares (ssvpot)                      0.584
  The residual sum of squares (chipot)                     0.005
  The std err of estimate (sqrt(chipot/N))               0.00121
  ESP relative RMS (SQRT(chipot/ssvpot))                 0.08961

 Dipole Moment (Debye)=   4.64651
