
Resp charges for organic molecule                                               

iqopt   irstrnt  ihfree     qwt
  2      1      1        0.001000

 rel.rms   dipole mom       Qxx      Qyy      Qzz
    0.10351   4.44278 -18.37391 -15.59737  33.97128

          Point charges before & after optimization
    NO   At.No.    q0           q(opt)   IVARY  d(rstr)/dq 
     1     6  -0.249075      -0.250318    0    0.003710
     2     6   0.446552       0.446552  -99    0.002185
     3     7  -0.575629      -0.575629  -99    0.001712
     4     6   0.105350       0.105350  -99    0.006885
     5     6  -0.158124      -0.158124  -99    0.005345
     6     7   0.080975       0.080975  -99    0.007772
     7     6  -0.458579      -0.437260    0    0.002229
     8     6   0.265456       0.265456  -99    0.003525
     9     1   0.092457       0.092457  -99    0.000000
    10     6  -0.026623      -0.019129    0    0.009822
    11    17  -0.344748      -0.344748  -99    0.002786
    12     8  -0.608475      -0.608475  -99    0.001622
    13     7   0.725072       0.725072  -99    0.001366
    14     8  -0.447273      -0.447273  -99    0.002182
    15     8  -0.447273      -0.447273  -99    0.002182
    16     1   0.083108       0.098444    0    0.000000
    17     1   0.102214       0.098444   16    0.000000
    18     1   0.109553       0.098444   16    0.000000
    19     1   0.178958       0.178958  -99    0.000000
    20     1   0.190269       0.177844    0    0.000000
    21     1   0.188838       0.177844   20    0.000000
    22     1   0.131701       0.128288    0    0.000000
    23     1   0.127916       0.128288   22    0.000000
    24     1   0.412920       0.412920  -99    0.000000
    25     0   0.074460       0.072893    0    0.008081

        Statistics of the fitting:
  The initial sum of squares (ssvpot)                      0.828
  The residual sum of squares (chipot)                     0.009
  The std err of estimate (sqrt(chipot/N))               0.00171
  ESP relative RMS (SQRT(chipot/ssvpot))                 0.10351

 Dipole Moment (Debye)=   4.44278
