
Resp charges for organic molecule                                               

iqopt   irstrnt  ihfree     qwt
  0      1      1        0.000500

 rel.rms   dipole mom       Qxx      Qyy      Qzz
    0.06665   5.95702  26.54689 -24.45026  -2.09663

          Point charges before & after optimization
    NO   At.No.    q0           q(opt)   IVARY  d(rstr)/dq 
     1     6   0.000000      -0.272984    0    0.001720
     2     6   0.000000       0.295213    0    0.001604
     3     1   0.000000       0.060717    0    0.000000
     4     6   0.000000      -0.212742    0    0.002127
     5     6   0.000000       0.289817    0    0.001631
     6     1   0.000000       0.074460    0    0.000000
     7     7   0.000000      -0.143975    0    0.002852
     8     8   0.000000      -0.339595    0    0.001412
     9     6   0.000000       0.666563    0    0.000742
    10     8   0.000000      -0.539073    0    0.000912
    11     6   0.000000      -0.266617    0    0.001756
    12     6   0.000000      -0.099518    0    0.003544
    13     6   0.000000       0.190660    0    0.002322
    14     6   0.000000      -0.147411    0    0.002807
    15     6   0.000000      -0.255981    0    0.001819
    16     6   0.000000       0.310806    0    0.001531
    17     8   0.000000      -0.382666    0    0.001264
    18    17   0.000000      -0.316115    0    0.001508
    19     1   0.000000       0.085448    0    0.000000
    20     1   0.000000       0.099362    0    0.000000
    21     1   0.000000       0.062067    0    0.000000
    22     1   0.000000       0.076024    0    0.000000
    23     1   0.000000       0.112713    0    0.000000
    24     1   0.000000       0.188813    0    0.000000
    25     1   0.000000       0.190178    0    0.000000
    26     1   0.000000       0.182167    0    0.000000
    27     0   0.000000       0.091668    0    0.003686

        Statistics of the fitting:
  The initial sum of squares (ssvpot)                      0.994
  The residual sum of squares (chipot)                     0.004
  The std err of estimate (sqrt(chipot/N))               0.00116
  ESP relative RMS (SQRT(chipot/ssvpot))                 0.06665

 Dipole Moment (Debye)=   5.95702
