
Resp charges for organic molecule                                               

iqopt   irstrnt  ihfree     qwt
  2      1      1        0.001000

 rel.rms   dipole mom       Qxx      Qyy      Qzz
    0.11717   6.04847   5.35513 -25.68284  20.32771

          Point charges before & after optimization
    NO   At.No.    q0           q(opt)   IVARY  d(rstr)/dq 
     1     6   0.056881       0.056881  -99    0.008692
     2     6  -0.327059      -0.327059  -99    0.002924
     3     6   0.758221       0.758221  -99    0.001308
     4     8  -0.559707      -0.559707  -99    0.001759
     5     7  -0.566508      -0.566508  -99    0.001738
     6     1   0.362045       0.362045  -99    0.000000
     7     6   0.620564       0.620564  -99    0.001591
     8     8  -0.571861      -0.571861  -99    0.001723
     9     7  -0.047996      -0.047996  -99    0.009015
    10     6   0.083784       0.083784  -99    0.007665
    11     1   0.160455       0.160455  -99    0.000000
    12     6  -0.047571      -0.038589    0    0.009329
    13     8  -0.333243      -0.333243  -99    0.002874
    14     6   0.178284       0.178284  -99    0.004892
    15     1   0.096435       0.096435  -99    0.000000
    16     8  -0.365740      -0.365740  -99    0.002637
    17     6   0.136429       0.117241    0    0.006489
    18     8  -0.612675      -0.612675  -99    0.001611
    19    35  -0.019371      -0.019371  -99    0.009818
    20     1   0.197998       0.197998  -99    0.000000
    21     1   0.118655       0.118150    0    0.000000
    22     1   0.121238       0.118150   21    0.000000
    23     1   0.044610       0.081350    0    0.000000
    24     1   0.104292       0.081350   23    0.000000
    25     1   0.411840       0.411840  -99    0.000000

        Statistics of the fitting:
  The initial sum of squares (ssvpot)                      1.102
  The residual sum of squares (chipot)                     0.015
  The std err of estimate (sqrt(chipot/N))               0.00205
  ESP relative RMS (SQRT(chipot/ssvpot))                 0.11717

 Dipole Moment (Debye)=   6.04847
