
Resp charges for organic molecule                                               

iqopt   irstrnt  ihfree     qwt
  2      1      1        0.001000

 rel.rms   dipole mom       Qxx      Qyy      Qzz
    0.11248   3.82145  19.55259  16.51503 -36.06762

          Point charges before & after optimization
    NO   At.No.    q0           q(opt)   IVARY  d(rstr)/dq 
     1     6  -0.304261      -0.272432    0    0.003446
     2     6   0.495744       0.495744  -99    0.001977
     3     6  -0.558760      -0.558760  -99    0.001762
     4     6   0.251912       0.251912  -99    0.003690
     5     7   0.033094       0.033094  -99    0.009494
     6     7  -0.530482      -0.530482  -99    0.001852
     7     6   0.557908       0.557908  -99    0.001764
     8     8  -0.528557      -0.528557  -99    0.001859
     9     6   0.416050       0.416050  -99    0.002337
    10     6  -0.442520      -0.442520  -99    0.002204
    11     6  -0.116890      -0.116890  -99    0.006501
    12     7   0.374340       0.374340  -99    0.002581
    13     7  -0.534045      -0.534045  -99    0.001841
    14     6  -0.311867      -0.289262    0    0.003267
    15    53   0.055884       0.055884  -99    0.008729
    16     6  -0.325689      -0.341698    0    0.002809
    17     1   0.087945       0.085348    0    0.000000
    18     1   0.107982       0.085348   17    0.000000
    19     1   0.088531       0.085348   17    0.000000
    20     1   0.230203       0.230203  -99    0.000000
    21     1   0.200729       0.200729  -99    0.000000
    22     1   0.141237       0.126027    0    0.000000
    23     1   0.109683       0.126027   22    0.000000
    24     1   0.148135       0.126027   22    0.000000
    25     1   0.126730       0.121552    0    0.000000
    26     1   0.105493       0.121552   25    0.000000
    27     1   0.121469       0.121552   25    0.000000

        Statistics of the fitting:
  The initial sum of squares (ssvpot)                      0.780
  The residual sum of squares (chipot)                     0.010
  The std err of estimate (sqrt(chipot/N))               0.00147
  ESP relative RMS (SQRT(chipot/ssvpot))                 0.11248

 Dipole Moment (Debye)=   3.82145
