
Resp charges for organic molecule                                               

iqopt   irstrnt  ihfree     qwt
  2      1      1        0.001000

 rel.rms   dipole mom       Qxx      Qyy      Qzz
    0.09602   4.71488  31.09104 -17.46104 -13.63001

          Point charges before & after optimization
    NO   At.No.    q0           q(opt)   IVARY  d(rstr)/dq 
     1     6  -0.367977      -0.305988    0    0.003106
     2     6   0.050363       0.050363  -99    0.008931
     3     1   0.169971       0.169971  -99    0.000000
     4     6   0.197805       0.197805  -99    0.004512
     5     1   0.148658       0.148658  -99    0.000000
     6     8  -0.371556      -0.371556  -99    0.002599
     7     6   0.005187      -0.023761    0    0.009729
     8     6   0.263079       0.263079  -99    0.003553
     9     1   0.073459       0.073459  -99    0.000000
    10     8  -0.377328      -0.377328  -99    0.002562
    11     6   0.121692       0.113542    0    0.006609
    12     8  -0.664768      -0.664768  -99    0.001488
    13    53  -0.408078      -0.408078  -99    0.002380
    14     1   0.135772       0.109408    0    0.000000
    15     1   0.143337       0.109408   14    0.000000
    16     1   0.102772       0.109408   14    0.000000
    17     1   0.067781       0.080016    0    0.000000
    18     1   0.079581       0.080016   17    0.000000
    19     1   0.048600       0.035636    0    0.000000
    20     1   0.011801       0.035636   19    0.000000
    21     1   0.441641       0.441641  -99    0.000000
    22     0   0.128210       0.133436    0    0.005997

        Statistics of the fitting:
  The initial sum of squares (ssvpot)                      0.683
  The residual sum of squares (chipot)                     0.006
  The std err of estimate (sqrt(chipot/N))               0.00131
  ESP relative RMS (SQRT(chipot/ssvpot))                 0.09602

 Dipole Moment (Debye)=   4.71488
