
Resp charges for organic molecule                                               

iqopt   irstrnt  ihfree     qwt
  2      1      1        0.001000

 rel.rms   dipole mom       Qxx      Qyy      Qzz
    0.11236   2.04248  22.75956   5.38127 -28.14083

          Point charges before & after optimization
    NO   At.No.    q0           q(opt)   IVARY  d(rstr)/dq 
     1     6  -0.138711      -0.138711  -99    0.005848
     2     6  -0.258085      -0.258085  -99    0.003613
     3     6  -0.160607      -0.160607  -99    0.005286
     4     6   0.129227       0.129227  -99    0.006120
     5     6   0.447530       0.447530  -99    0.002181
     6     6  -0.340931      -0.340931  -99    0.002815
     7     7  -0.968517      -0.968517  -99    0.001027
     8     8  -0.339447      -0.339447  -99    0.002826
     9     6   0.342373       0.342373  -99    0.002804
    10     6  -0.190953      -0.190953  -99    0.004639
    11     6  -0.154644      -0.154644  -99    0.005430
    12     6  -0.175774      -0.175774  -99    0.004945
    13     6  -0.057328      -0.057328  -99    0.008676
    14     6  -0.129877      -0.129877  -99    0.006101
    15    35  -0.082912      -0.082912  -99    0.007698
    16     1   0.161120       0.161120  -99    0.000000
    17     1   0.171074       0.171074  -99    0.000000
    18     1   0.153922       0.153922  -99    0.000000
    19     1   0.183285       0.183285  -99    0.000000
    20     1   0.396185       0.396185  -99    0.000000
    21     1   0.396185       0.396185  -99    0.000000
    22     1   0.158638       0.158638  -99    0.000000
    23     1   0.161432       0.161432  -99    0.000000
    24     1   0.154066       0.154066  -99    0.000000
    25     1   0.142749       0.142749  -99    0.000000

        Statistics of the fitting:
  The initial sum of squares (ssvpot)                      0.495
  The residual sum of squares (chipot)                     0.006
  The std err of estimate (sqrt(chipot/N))               0.00133
  ESP relative RMS (SQRT(chipot/ssvpot))                 0.11236

 Dipole Moment (Debye)=   2.04248
