
Resp charges for organic molecule                                               

iqopt   irstrnt  ihfree     qwt
  2      1      1        0.001000

 rel.rms   dipole mom       Qxx      Qyy      Qzz
    0.12934   5.95988  46.67535  -8.26857 -38.40678

          Point charges before & after optimization
    NO   At.No.    q0           q(opt)   IVARY  d(rstr)/dq 
     1     6  -0.165822      -0.165822  -99    0.005164
     2     6  -0.106719      -0.106719  -99    0.006838
     3     6  -0.074967      -0.074967  -99    0.008001
     4     8  -0.072038      -0.072038  -99    0.008114
     5     6  -0.128614      -0.128614  -99    0.006138
     6     6   0.605250       0.605250  -99    0.001630
     7     8  -0.534464      -0.534464  -99    0.001839
     8     7  -0.307297      -0.307297  -99    0.003094
     9     6   0.171138       0.171138  -99    0.005045
    10     6  -0.198880      -0.198880  -99    0.004492
    11     6  -0.032065      -0.032065  -99    0.009522
    12     6  -0.192818      -0.192818  -99    0.004604
    13     6  -0.032065      -0.032065  -99    0.009522
    14     6  -0.198880      -0.198880  -99    0.004492
    15    53  -0.053731      -0.053731  -99    0.008809
    16     1   0.170160       0.170160  -99    0.000000
    17     1   0.169198       0.169198  -99    0.000000
    18     1   0.203880       0.203880  -99    0.000000
    19     1   0.164563       0.164563  -99    0.000000
    20     1   0.166954       0.166954  -99    0.000000
    21     1   0.140131       0.140131  -99    0.000000
    22     1   0.140131       0.140131  -99    0.000000
    23     1   0.166954       0.166954  -99    0.000000

        Statistics of the fitting:
  The initial sum of squares (ssvpot)                      0.716
  The residual sum of squares (chipot)                     0.012
  The std err of estimate (sqrt(chipot/N))               0.00163
  ESP relative RMS (SQRT(chipot/ssvpot))                 0.12934

 Dipole Moment (Debye)=   5.95988
