
Resp charges for organic molecule                                               

iqopt   irstrnt  ihfree     qwt
  2      1      1        0.001000

 rel.rms   dipole mom       Qxx      Qyy      Qzz
    0.05473   6.55684 -81.86975  53.89153  27.97822

          Point charges before & after optimization
    NO   At.No.    q0           q(opt)   IVARY  d(rstr)/dq 
     1     6   0.018735       0.018735  -99    0.009829
     2     6  -0.166176      -0.166176  -99    0.005156
     3     6  -0.345570      -0.345570  -99    0.002780
     4     6   0.347565       0.347565  -99    0.002765
     5     6  -0.003705      -0.003705  -99    0.009993
     6     6  -0.069128      -0.069128  -99    0.008226
     7     8  -0.555521      -0.555521  -99    0.001772
     8    53  -0.294885      -0.294885  -99    0.003212
     9     6  -0.247945      -0.243106    0    0.003804
    10     6   0.150689       0.150689  -99    0.005529
    11     7  -0.979987      -0.979987  -99    0.001015
    12     6   0.786151       0.786151  -99    0.001262
    13     8  -0.595978      -0.595978  -99    0.001655
    14     8  -0.606210      -0.606210  -99    0.001628
    15     1   0.048189       0.048189  -99    0.000000
    16     1   0.178729       0.178729  -99    0.000000
    17     1   0.179222       0.179222  -99    0.000000
    18     1   0.159570       0.159570  -99    0.000000
    19     1   0.104608       0.110895    0    0.000000
    20     1   0.121038       0.110895   19    0.000000
    21     1   0.384671       0.384671  -99    0.000000
    22     1   0.384671       0.384671  -99    0.000000
    23     1   0.413275       0.413275  -99    0.000000
    24     1   0.441279       0.441279  -99    0.000000
    25     0   0.146713       0.145729    0    0.005658

        Statistics of the fitting:
  The initial sum of squares (ssvpot)                      1.408
  The residual sum of squares (chipot)                     0.004
  The std err of estimate (sqrt(chipot/N))               0.00100
  ESP relative RMS (SQRT(chipot/ssvpot))                 0.05473

 Dipole Moment (Debye)=   6.55684
