
Resp charges for organic molecule                                               

iqopt   irstrnt  ihfree     qwt
  2      1      1        0.001000

 rel.rms   dipole mom       Qxx      Qyy      Qzz
    0.11445   2.26131 -34.10848 -10.65311  44.76159

          Point charges before & after optimization
    NO   At.No.    q0           q(opt)   IVARY  d(rstr)/dq 
     1     6  -0.154809      -0.154809  -99    0.005426
     2     6  -0.053660      -0.053660  -99    0.008812
     3     6  -0.125311      -0.125311  -99    0.006237
     4     6  -0.053660      -0.053660  -99    0.008812
     5     6  -0.154809      -0.154809  -99    0.005426
     6     6   0.121965       0.121965  -99    0.006340
     7     6  -0.034403      -0.034403  -99    0.009456
     8     1   0.170406       0.170406  -99    0.000000
     9     6  -0.129004      -0.129004  -99    0.006127
    10     8  -0.263958      -0.263958  -99    0.003543
    11     6   0.807143       0.807143  -99    0.001230
    12     8  -0.622056      -0.622056  -99    0.001587
    13     7  -0.926825      -0.926825  -99    0.001073
    14     6   0.807143       0.807143  -99    0.001230
    15     8  -0.622056      -0.622056  -99    0.001587
    16     7  -0.926825      -0.926825  -99    0.001073
    17    35  -0.061688      -0.061688  -99    0.008511
    18     1   0.134590       0.134590  -99    0.000000
    19     1   0.144172       0.144172  -99    0.000000
    20     1   0.144172       0.144172  -99    0.000000
    21     1   0.134590       0.134590  -99    0.000000
    22     1   0.416220       0.416220  -99    0.000000
    23     1   0.416220       0.416220  -99    0.000000
    24     1   0.416220       0.416220  -99    0.000000
    25     1   0.416220       0.416220  -99    0.000000

        Statistics of the fitting:
  The initial sum of squares (ssvpot)                      0.917
  The residual sum of squares (chipot)                     0.012
  The std err of estimate (sqrt(chipot/N))               0.00175
  ESP relative RMS (SQRT(chipot/ssvpot))                 0.11445

 Dipole Moment (Debye)=   2.26131
