
Resp charges for organic molecule                                               

iqopt   irstrnt  ihfree     qwt
  2      1      1        0.001000

 rel.rms   dipole mom       Qxx      Qyy      Qzz
    0.12830   3.91341 -41.10478  33.77595   7.32883

          Point charges before & after optimization
    NO   At.No.    q0           q(opt)   IVARY  d(rstr)/dq 
     1     6  -0.173657      -0.173657  -99    0.004990
     2     6  -0.025911      -0.025911  -99    0.009680
     3     6  -0.232694      -0.232694  -99    0.003948
     4     6  -0.025911      -0.025911  -99    0.009680
     5     6  -0.173657      -0.173657  -99    0.004990
     6     6   0.211385       0.211385  -99    0.004276
     7     7  -0.588258      -0.588258  -99    0.001676
     8     6   0.899061       0.899061  -99    0.001105
     9     8  -0.544363      -0.544363  -99    0.001807
    10     6  -0.885933      -0.924874    0    0.001075
    11     6   0.352816       0.352816  -99    0.002727
    12     6  -0.090920      -0.117413    0    0.006484
    13     6   0.060562       0.118995    0    0.006434
    14     8  -0.416838      -0.416838  -99    0.002333
    15     6   0.035771       0.118995   13    0.006434
    16     6  -0.018843      -0.117413   12    0.006484
    17    53  -0.043883      -0.043883  -99    0.009157
    18     1   0.139037       0.139037  -99    0.000000
    19     1   0.145819       0.145819  -99    0.000000
    20     1   0.145819       0.145819  -99    0.000000
    21     1   0.139037       0.139037  -99    0.000000
    22     1   0.312220       0.312220  -99    0.000000
    23     1   0.229759       0.240536    0    0.000000
    24     1   0.216548       0.240536   23    0.000000
    25     1  -0.018627      -0.018627  -99    0.000000
    26     1   0.044731       0.047149    0    0.000000
    27     1   0.023149       0.047149   26    0.000000
    28     1   0.045871       0.037662    0    0.000000
    29     1   0.077234       0.037662   28    0.000000
    30     1   0.048936       0.037662   28    0.000000
    31     1   0.073871       0.037662   28    0.000000
    32     1   0.004054       0.047149   26    0.000000
    33     1   0.033817       0.047149   26    0.000000

        Statistics of the fitting:
  The initial sum of squares (ssvpot)                      0.803
  The residual sum of squares (chipot)                     0.013
  The std err of estimate (sqrt(chipot/N))               0.00163
  ESP relative RMS (SQRT(chipot/ssvpot))                 0.12830

 Dipole Moment (Debye)=   3.91341
