
Resp charges for organic molecule                                               

iqopt   irstrnt  ihfree     qwt
  0      1      1        0.000500

 rel.rms   dipole mom       Qxx      Qyy      Qzz
    0.08760   2.01083  22.49709   6.70257 -29.19967

          Point charges before & after optimization
    NO   At.No.    q0           q(opt)   IVARY  d(rstr)/dq 
     1     6   0.000000      -0.151466    0    0.002755
     2     6   0.000000      -0.237776    0    0.001938
     3     6   0.000000      -0.154260    0    0.002720
     4     6   0.000000       0.120695    0    0.003190
     5     6   0.000000       0.411452    0    0.001181
     6     6   0.000000      -0.307883    0    0.001545
     7     7   0.000000      -0.959022    0    0.000519
     8     8   0.000000      -0.291564    0    0.001622
     9     6   0.000000       0.224533    0    0.002034
    10     6   0.000000      -0.198949    0    0.002245
    11     6   0.000000      -0.132897    0    0.003006
    12     6   0.000000      -0.202572    0    0.002213
    13     6   0.000000      -0.147884    0    0.002801
    14     6   0.000000       0.135826    0    0.002964
    15    35   0.000000      -0.329888    0    0.001450
    16     1   0.000000       0.160446    0    0.000000
    17     1   0.000000       0.164364    0    0.000000
    18     1   0.000000       0.149242    0    0.000000
    19     1   0.000000       0.174923    0    0.000000
    20     1   0.000000       0.396570    0    0.000000
    21     1   0.000000       0.396570   20    0.000000
    22     1   0.000000       0.165404    0    0.000000
    23     1   0.000000       0.158078    0    0.000000
    24     1   0.000000       0.165175    0    0.000000
    25     1   0.000000       0.176508    0    0.000000
    26     0   0.000000       0.114376    0    0.003291

        Statistics of the fitting:
  The initial sum of squares (ssvpot)                      0.495
  The residual sum of squares (chipot)                     0.004
  The std err of estimate (sqrt(chipot/N))               0.00104
  ESP relative RMS (SQRT(chipot/ssvpot))                 0.08760

 Dipole Moment (Debye)=   2.01083
