
Resp charges for organic molecule                                               

iqopt   irstrnt  ihfree     qwt
  2      1      1        0.001000

 rel.rms   dipole mom       Qxx      Qyy      Qzz
    0.05810   8.22938  24.40908  -0.80258 -23.60650

          Point charges before & after optimization
    NO   At.No.    q0           q(opt)   IVARY  d(rstr)/dq 
     1     6  -0.215225      -0.250778    0    0.003704
     2     6   0.077989       0.077989  -99    0.007885
     3     6  -0.081952      -0.081952  -99    0.007734
     4     6   0.658696       0.658696  -99    0.001501
     5     8  -0.533859      -0.533859  -99    0.001841
     6     8  -0.235790      -0.235790  -99    0.003904
     7     6   0.146991       0.146991  -99    0.005625
     8     6  -0.090371      -0.090371  -99    0.007419
     9     6  -0.101669      -0.101669  -99    0.007012
    10     6  -0.358144      -0.358144  -99    0.002689
    11     6   0.273918       0.273918  -99    0.003429
    12     6   0.051858       0.051858  -99    0.008877
    13    53  -0.401118      -0.401118  -99    0.002419
    14     8  -0.171145      -0.171145  -99    0.005045
    15     6  -0.155593      -0.144442    0    0.005692
    16     6  -0.304410      -0.268134    0    0.003494
    17     1   0.083573       0.093925    0    0.000000
    18     1   0.083565       0.093925   17    0.000000
    19     1   0.092366       0.093925   17    0.000000
    20     1   0.169448       0.169448  -99    0.000000
    21     1   0.182955       0.182955  -99    0.000000
    22     1   0.102769       0.104168    0    0.000000
    23     1   0.116986       0.104168   22    0.000000
    24     1   0.102791       0.104168   22    0.000000
    25     1   0.097925       0.096796    0    0.000000
    26     1   0.120040       0.096796   25    0.000000
    27     1   0.097909       0.096796   25    0.000000
    28     0   0.189499       0.190881    0    0.004641

        Statistics of the fitting:
  The initial sum of squares (ssvpot)                      1.282
  The residual sum of squares (chipot)                     0.004
  The std err of estimate (sqrt(chipot/N))               0.00101
  ESP relative RMS (SQRT(chipot/ssvpot))                 0.05810

 Dipole Moment (Debye)=   8.22938
