
Resp charges for organic molecule                                               

iqopt   irstrnt  ihfree     qwt
  2      1      1        0.001000

 rel.rms   dipole mom       Qxx      Qyy      Qzz
    0.12561   5.40313   5.70449  14.56215 -20.26665

          Point charges before & after optimization
    NO   At.No.    q0           q(opt)   IVARY  d(rstr)/dq 
     1     6  -0.344659      -0.344659  -99    0.002787
     2     6  -0.030700      -0.030700  -99    0.009560
     3     6  -0.070668      -0.070668  -99    0.008167
     4     6  -0.030700      -0.030700  -99    0.009560
     5     6  -0.344659      -0.344659  -99    0.002787
     6     6   0.469217       0.469217  -99    0.002084
     7     8  -0.352346      -0.352346  -99    0.002730
     8     6  -0.053682      -0.065902    0    0.008350
     9     6   0.399242       0.399242  -99    0.002430
    10     1   0.026504       0.026504  -99    0.000000
    11     6   0.096262       0.118315    0    0.006455
    12     8  -0.689249      -0.689249  -99    0.001436
    13     8  -0.672338      -0.672338  -99    0.001471
    14    17  -0.126484      -0.126484  -99    0.006202
    15     1   0.175853       0.175853  -99    0.000000
    16     1   0.148696       0.148696  -99    0.000000
    17     1   0.148696       0.148696  -99    0.000000
    18     1   0.175853       0.175853  -99    0.000000
    19     1   0.101272       0.073933    0    0.000000
    20     1   0.032695       0.073933   19    0.000000
    21     1   0.027782       0.021906    0    0.000000
    22     1   0.039761       0.021906   21    0.000000
    23     1   0.447911       0.447911  -99    0.000000
    24     1   0.425742       0.425742  -99    0.000000

        Statistics of the fitting:
  The initial sum of squares (ssvpot)                      0.904
  The residual sum of squares (chipot)                     0.014
  The std err of estimate (sqrt(chipot/N))               0.00212
  ESP relative RMS (SQRT(chipot/ssvpot))                 0.12561

 Dipole Moment (Debye)=   5.40313
