
Resp charges for organic molecule                                               

iqopt   irstrnt  ihfree     qwt
  2      1      1        0.001000

 rel.rms   dipole mom       Qxx      Qyy      Qzz
    0.17130   3.00766  11.11485   3.22417 -14.33902

          Point charges before & after optimization
    NO   At.No.    q0           q(opt)   IVARY  d(rstr)/dq 
     1    16  -0.226570      -0.226570  -99    0.004038
     2     6   0.528429       0.528429  -99    0.001859
     3     7  -0.559460      -0.559460  -99    0.001760
     4     6   0.151357       0.159992    0    0.005300
     5     6   0.060441       0.060441  -99    0.008558
     6     7  -0.650067      -0.650067  -99    0.001520
     7     6   0.759120       0.759120  -99    0.001306
     8     7  -0.682363      -0.682363  -99    0.001450
     9     6   0.317201       0.317201  -99    0.003007
    10     6  -0.413208      -0.413208  -99    0.002352
    11     6   0.045488       0.045488  -99    0.009103
    12     6  -0.399511      -0.399511  -99    0.002428
    13     6  -0.509038      -0.517217    0    0.001898
    14    35  -0.079850      -0.079850  -99    0.007814
    15     1   0.120205       0.120205  -99    0.000000
    16     1   0.147457       0.147457  -99    0.000000
    17     1   0.172264       0.172264  -99    0.000000
    18     1   0.085880       0.085880  -99    0.000000
    19     1   0.160602       0.160602  -99    0.000000
    20     1   0.059585       0.052666    0    0.000000
    21     1   0.054184       0.052666   20    0.000000
    22     1   0.243413       0.237810    0    0.000000
    23     1   0.224224       0.237810   22    0.000000
    24     1   0.390215       0.390215  -99    0.000000

        Statistics of the fitting:
  The initial sum of squares (ssvpot)                      0.434
  The residual sum of squares (chipot)                     0.013
  The std err of estimate (sqrt(chipot/N))               0.00181
  ESP relative RMS (SQRT(chipot/ssvpot))                 0.17130

 Dipole Moment (Debye)=   3.00766
