
Resp charges for organic molecule                                               

iqopt   irstrnt  ihfree     qwt
  2      1      1        0.001000

 rel.rms   dipole mom       Qxx      Qyy      Qzz
    0.09080   6.56050  67.35508 -16.70444 -50.65064

          Point charges before & after optimization
    NO   At.No.    q0           q(opt)   IVARY  d(rstr)/dq 
     1     6  -0.287035      -0.287035  -99    0.003290
     2     6   0.145275       0.145275  -99    0.005670
     3     6  -0.338787      -0.338787  -99    0.002831
     4    16  -0.035832      -0.035832  -99    0.009414
     5     6  -0.118525      -0.118525  -99    0.006449
     6     6   0.692191       0.692191  -99    0.001430
     7     8  -0.556440      -0.556440  -99    0.001769
     8     7  -0.167441      -0.167441  -99    0.005127
     9     7  -0.310852      -0.310852  -99    0.003062
    10     6   0.086057       0.086057  -99    0.007580
    11     6   0.206052       0.206052  -99    0.004366
    12     6  -0.374674      -0.374674  -99    0.002579
    13     6  -0.147862      -0.147862  -99    0.005602
    14     6   0.250450       0.250450  -99    0.003708
    15     8  -0.155363      -0.155363  -99    0.005412
    16    35  -0.299223      -0.299223  -99    0.003170
    17     1   0.180403       0.180403  -99    0.000000
    18     1   0.120754       0.120754  -99    0.000000
    19     1   0.211360       0.211360  -99    0.000000
    20     1   0.250269       0.250269  -99    0.000000
    21     1   0.105597       0.105597  -99    0.000000
    22     1   0.218256       0.218256  -99    0.000000
    23     1   0.177254       0.177254  -99    0.000000
    24     0   0.148116       0.148116    0    0.005596

        Statistics of the fitting:
  The initial sum of squares (ssvpot)                      1.635
  The residual sum of squares (chipot)                     0.013
  The std err of estimate (sqrt(chipot/N))               0.00178
  ESP relative RMS (SQRT(chipot/ssvpot))                 0.09080

 Dipole Moment (Debye)=   6.56050
