
Resp charges for organic molecule                                               

iqopt   irstrnt  ihfree     qwt
  2      1      1        0.001000

 rel.rms   dipole mom       Qxx      Qyy      Qzz
    0.07097   5.08737 -49.70495  52.01324  -2.30829

          Point charges before & after optimization
    NO   At.No.    q0           q(opt)   IVARY  d(rstr)/dq 
     1     6  -0.122256      -0.109420    0    0.006746
     2     8  -0.212872      -0.212872  -99    0.004252
     3     6   0.311203       0.311203  -99    0.003059
     4     6  -0.350410      -0.350410  -99    0.002744
     5     6   0.310700       0.310700  -99    0.003064
     6     6   0.028019       0.028019  -99    0.009629
     7     6  -0.176869      -0.176869  -99    0.004922
     8     6  -0.205485      -0.205485  -99    0.004376
     9     6   0.505463       0.505463  -99    0.001941
    10     8  -0.519943      -0.519943  -99    0.001889
    11    35  -0.329529      -0.329529  -99    0.002904
    12     8  -0.219308      -0.219308  -99    0.004149
    13     6  -0.129004      -0.126732    0    0.006194
    14     1   0.120361       0.099173    0    0.000000
    15     1   0.094420       0.099173   14    0.000000
    16     1   0.094415       0.099173   14    0.000000
    17     1   0.149603       0.149603  -99    0.000000
    18     1   0.207925       0.207925  -99    0.000000
    19     1   0.000545       0.000545  -99    0.000000
    20     1   0.118033       0.105368    0    0.000000
    21     1   0.101597       0.105368   20    0.000000
    22     1   0.101607       0.105368   20    0.000000
    23     0   0.121785       0.123486    0    0.006293

        Statistics of the fitting:
  The initial sum of squares (ssvpot)                      1.032
  The residual sum of squares (chipot)                     0.005
  The std err of estimate (sqrt(chipot/N))               0.00121
  ESP relative RMS (SQRT(chipot/ssvpot))                 0.07097

 Dipole Moment (Debye)=   5.08737
