
Resp charges for organic molecule                                               

iqopt   irstrnt  ihfree     qwt
  0      1      1        0.000500

 rel.rms   dipole mom       Qxx      Qyy      Qzz
    0.07906   4.67485  30.33167 -17.47691 -12.85476

          Point charges before & after optimization
    NO   At.No.    q0           q(opt)   IVARY  d(rstr)/dq 
     1     6   0.000000      -0.367977    0    0.001311
     2     6   0.000000       0.050363    0    0.004466
     3     1   0.000000       0.169971    0    0.000000
     4     6   0.000000       0.197805    0    0.002256
     5     1   0.000000       0.148658    0    0.000000
     6     8   0.000000      -0.371556    0    0.001299
     7     6   0.000000       0.005187    0    0.004993
     8     6   0.000000       0.263079    0    0.001777
     9     1   0.000000       0.073459    0    0.000000
    10     8   0.000000      -0.377328    0    0.001281
    11     6   0.000000       0.121692    0    0.003174
    12     8   0.000000      -0.664768    0    0.000744
    13    53   0.000000      -0.408078    0    0.001190
    14     1   0.000000       0.135772    0    0.000000
    15     1   0.000000       0.143337    0    0.000000
    16     1   0.000000       0.102772    0    0.000000
    17     1   0.000000       0.067781    0    0.000000
    18     1   0.000000       0.079581    0    0.000000
    19     1   0.000000       0.048600    0    0.000000
    20     1   0.000000       0.011801    0    0.000000
    21     1   0.000000       0.441641    0    0.000000
    22     0   0.000000       0.128210    0    0.003075

        Statistics of the fitting:
  The initial sum of squares (ssvpot)                      0.683
  The residual sum of squares (chipot)                     0.004
  The std err of estimate (sqrt(chipot/N))               0.00108
  ESP relative RMS (SQRT(chipot/ssvpot))                 0.07906

 Dipole Moment (Debye)=   4.67485
