
Resp charges for organic molecule                                               

iqopt   irstrnt  ihfree     qwt
  2      1      1        0.001000

 rel.rms   dipole mom       Qxx      Qyy      Qzz
    0.06951   6.56620 -83.62473  53.54651  30.07822

          Point charges before & after optimization
    NO   At.No.    q0           q(opt)   IVARY  d(rstr)/dq 
     1     6   0.053376       0.053376  -99    0.008822
     2     6  -0.169180      -0.169180  -99    0.005088
     3     6  -0.345762      -0.345762  -99    0.002778
     4     6   0.500961       0.500961  -99    0.001958
     5     6  -0.348926      -0.348926  -99    0.002755
     6     6   0.045939       0.045939  -99    0.009087
     7     8  -0.619767      -0.619767  -99    0.001593
     8    53   0.019148       0.019148  -99    0.009822
     9     6  -0.269835      -0.268580    0    0.003489
    10     6   0.195745       0.195745  -99    0.004549
    11     7  -0.982986      -0.982986  -99    0.001012
    12     6   0.769326       0.769326  -99    0.001289
    13     8  -0.593254      -0.593254  -99    0.001662
    14     8  -0.601408      -0.601408  -99    0.001640
    15     1   0.035130       0.035130  -99    0.000000
    16     1   0.176098       0.176098  -99    0.000000
    17     1   0.167217       0.167217  -99    0.000000
    18     1   0.116508       0.116508  -99    0.000000
    19     1   0.105629       0.110809    0    0.000000
    20     1   0.117244       0.110809   19    0.000000
    21     1   0.381656       0.381656  -99    0.000000
    22     1   0.381656       0.381656  -99    0.000000
    23     1   0.409916       0.409916  -99    0.000000
    24     1   0.455569       0.455569  -99    0.000000

        Statistics of the fitting:
  The initial sum of squares (ssvpot)                      1.408
  The residual sum of squares (chipot)                     0.007
  The std err of estimate (sqrt(chipot/N))               0.00127
  ESP relative RMS (SQRT(chipot/ssvpot))                 0.06951

 Dipole Moment (Debye)=   6.56620
