
Resp charges for organic molecule                                               

iqopt   irstrnt  ihfree     qwt
  2      1      1        0.001000

 rel.rms   dipole mom       Qxx      Qyy      Qzz
    0.10583   5.35702   7.52261  14.07351 -21.59613

          Point charges before & after optimization
    NO   At.No.    q0           q(opt)   IVARY  d(rstr)/dq 
     1     6  -0.358077      -0.358077  -99    0.002690
     2     6  -0.131904      -0.131904  -99    0.006041
     3     6   0.174398       0.174398  -99    0.004974
     4     6  -0.131904      -0.131904  -99    0.006041
     5     6  -0.358077      -0.358077  -99    0.002690
     6     6   0.482220       0.482220  -99    0.002031
     7     8  -0.349676      -0.349676  -99    0.002750
     8     6  -0.056897      -0.069009    0    0.008230
     9     6   0.395567       0.395567  -99    0.002451
    10     1   0.026538       0.026538  -99    0.000000
    11     6   0.102786       0.124876    0    0.006251
    12     8  -0.689447      -0.689447  -99    0.001435
    13     8  -0.672359      -0.672359  -99    0.001471
    14    17  -0.331051      -0.331051  -99    0.002892
    15     1   0.184416       0.184416  -99    0.000000
    16     1   0.183025       0.183025  -99    0.000000
    17     1   0.183025       0.183025  -99    0.000000
    18     1   0.184416       0.184416  -99    0.000000
    19     1   0.102753       0.075219    0    0.000000
    20     1   0.033831       0.075219   19    0.000000
    21     1   0.025809       0.020016    0    0.000000
    22     1   0.038014       0.020016   21    0.000000
    23     1   0.447128       0.447128  -99    0.000000
    24     1   0.425881       0.425881  -99    0.000000
    25     0   0.089585       0.089544    0    0.007450

        Statistics of the fitting:
  The initial sum of squares (ssvpot)                      0.904
  The residual sum of squares (chipot)                     0.010
  The std err of estimate (sqrt(chipot/N))               0.00179
  ESP relative RMS (SQRT(chipot/ssvpot))                 0.10583

 Dipole Moment (Debye)=   5.35702
