
Resp charges for organic molecule                                               

iqopt   irstrnt  ihfree     qwt
  0      1      1        0.000500

 rel.rms   dipole mom       Qxx      Qyy      Qzz
    0.08150   5.98076   4.69948 -22.08518  17.38570

          Point charges before & after optimization
    NO   At.No.    q0           q(opt)   IVARY  d(rstr)/dq 
     1     6   0.000000      -0.089657    0    0.003723
     2     6   0.000000       0.014968    0    0.004945
     3     6   0.000000       0.662366    0    0.000746
     4     8   0.000000      -0.521164    0    0.000942
     5     7   0.000000      -0.625474    0    0.000789
     6     1   0.000000       0.379223    0    0.000000
     7     6   0.000000       0.688839    0    0.000718
     8     8   0.000000      -0.582196    0    0.000846
     9     7   0.000000      -0.113777    0    0.003301
    10     6   0.000000       0.111141    0    0.003344
    11     1   0.000000       0.156349    0    0.000000
    12     6   0.000000      -0.051949    0    0.004437
    13     8   0.000000      -0.337960    0    0.001419
    14     6   0.000000       0.188454    0    0.002344
    15     1   0.000000       0.096492    0    0.000000
    16     8   0.000000      -0.366331    0    0.001317
    17     6   0.000000       0.100794    0    0.003521
    18     8   0.000000      -0.600297    0    0.000822
    19    35   0.000000      -0.337494    0    0.001420
    20     1   0.000000       0.260273    0    0.000000
    21     1   0.000000       0.117290    0    0.000000
    22     1   0.000000       0.127842    0    0.000000
    23     1   0.000000       0.051975    0    0.000000
    24     1   0.000000       0.112527    0    0.000000
    25     1   0.000000       0.414764    0    0.000000
    26     0   0.000000       0.143000    0    0.002865

        Statistics of the fitting:
  The initial sum of squares (ssvpot)                      1.102
  The residual sum of squares (chipot)                     0.007
  The std err of estimate (sqrt(chipot/N))               0.00143
  ESP relative RMS (SQRT(chipot/ssvpot))                 0.08150

 Dipole Moment (Debye)=   5.98076
