
Resp charges for organic molecule                                               

iqopt   irstrnt  ihfree     qwt
  0      1      1        0.000500

 rel.rms   dipole mom       Qxx      Qyy      Qzz
    0.06520   4.08011   8.18019  -7.13536  -1.04483

          Point charges before & after optimization
    NO   At.No.    q0           q(opt)   IVARY  d(rstr)/dq 
     1     6   0.000000      -0.290772    0    0.001626
     2     6   0.000000       0.081959    0    0.003867
     3     6   0.000000       0.131783    0    0.003022
     4     6   0.000000       0.063535    0    0.004220
     5     6   0.000000      -0.209916    0    0.002150
     6     6   0.000000       0.529777    0    0.000927
     7     8   0.000000      -0.503881    0    0.000973
     8     7   0.000000      -0.444066    0    0.001098
     9     6   0.000000       0.813630    0    0.000610
    10     8   0.000000      -0.544114    0    0.000904
    11     7   0.000000      -0.953016    0    0.000522
    12    35   0.000000      -0.452420    0    0.001079
    13     1   0.000000       0.076428    0    0.000000
    14     1   0.000000       0.104257    0    0.000000
    15     1   0.000000       0.082693    0    0.000000
    16     1   0.000000       0.042761    0    0.000000
    17     1   0.000000       0.018274    0    0.000000
    18     1   0.000000       0.028926    0    0.000000
    19     1   0.000000       0.039885    0    0.000000
    20     1   0.000000       0.060936    0    0.000000
    21     1   0.000000       0.075230    0    0.000000
    22     1   0.000000       0.053295    0    0.000000
    23     1   0.000000       0.269436    0    0.000000
    24     1   0.000000       0.404440    0    0.000000
    25     1   0.000000       0.404440   24    0.000000
    26     0   0.000000       0.116500    0    0.003257

        Statistics of the fitting:
  The initial sum of squares (ssvpot)                      1.116
  The residual sum of squares (chipot)                     0.005
  The std err of estimate (sqrt(chipot/N))               0.00120
  ESP relative RMS (SQRT(chipot/ssvpot))                 0.06520

 Dipole Moment (Debye)=   4.08011
