
Resp charges for organic molecule                                               

iqopt   irstrnt  ihfree     qwt
  0      1      1        0.000500

 rel.rms   dipole mom       Qxx      Qyy      Qzz
    0.09687   3.37295 -38.06619  16.52569  21.54050

          Point charges before & after optimization
    NO   At.No.    q0           q(opt)   IVARY  d(rstr)/dq 
     1     6   0.000000      -0.210245    0    0.002148
     2     7   0.000000      -0.110579    0    0.003354
     3     6   0.000000       0.422335    0    0.001152
     4     6   0.000000      -0.321586    0    0.001485
     5     6   0.000000       0.501676    0    0.000977
     6     8   0.000000      -0.485300    0    0.001009
     7     7   0.000000      -0.186008    0    0.002368
     8     6   0.000000       0.512782    0    0.000957
     9     8   0.000000      -0.533875    0    0.000921
    10     6   0.000000      -0.119371    0    0.003211
    11     7   0.000000      -0.013717    0    0.004954
    12     6   0.000000       0.229598    0    0.001997
    13     7   0.000000      -0.588538    0    0.000838
    14     6   0.000000      -0.163828    0    0.002605
    15     6   0.000000       0.128504    0    0.003071
    16    17   0.000000      -0.350938    0    0.001370
    17     1   0.000000       0.132092    0    0.000000
    18     1   0.000000       0.110130    0    0.000000
    19     1   0.000000       0.106304    0    0.000000
    20     1   0.000000       0.092259    0    0.000000
    21     1   0.000000       0.088327    0    0.000000
    22     1   0.000000       0.085357    0    0.000000
    23     1   0.000000       0.155667    0    0.000000
    24     1   0.000000       0.110814    0    0.000000
    25     1   0.000000       0.155586    0    0.000000
    26     1   0.000000       0.096368    0    0.000000
    27     1   0.000000       0.081064    0    0.000000
    28     0   0.000000       0.075124    0    0.003998

        Statistics of the fitting:
  The initial sum of squares (ssvpot)                      0.780
  The residual sum of squares (chipot)                     0.007
  The std err of estimate (sqrt(chipot/N))               0.00149
  ESP relative RMS (SQRT(chipot/ssvpot))                 0.09687

 Dipole Moment (Debye)=   3.37295
