
Resp charges for organic molecule                                               

iqopt   irstrnt  ihfree     qwt
  2      1      1        0.001000

 rel.rms   dipole mom       Qxx      Qyy      Qzz
    0.07090   4.60699   2.08676 -17.01454  14.92777

          Point charges before & after optimization
    NO   At.No.    q0           q(opt)   IVARY  d(rstr)/dq 
     1     6  -0.387917      -0.271572    0    0.003455
     2     6   0.105093       0.105093  -99    0.006893
     3     6  -0.088235      -0.083373    0    0.007681
     4     6  -0.206312      -0.232696    0    0.003948
     5     6  -0.052539      -0.052539  -99    0.008853
     6     1   0.068364       0.068364  -99    0.000000
     7     6   0.378883       0.378883  -99    0.002552
     8     6  -0.439128      -0.362481    0    0.002659
     9     6  -0.301535      -0.362481    8    0.002659
    10     6  -0.018162      -0.018162  -99    0.009839
    11     1   0.148068       0.148068  -99    0.000000
    12     6   0.468050       0.468050  -99    0.002089
    13     8  -0.482012      -0.482012  -99    0.002031
    14    35  -0.386344      -0.386344  -99    0.002506
    15     1   0.105843       0.069194    0    0.000000
    16     1   0.101305       0.069194   15    0.000000
    17     1   0.095418       0.069194   15    0.000000
    18     1   0.049923       0.044703    0    0.000000
    19     1   0.048546       0.044703   18    0.000000
    20     1   0.071600       0.076475    0    0.000000
    21     1   0.063834       0.076475   20    0.000000
    22     1   0.116564       0.084733    0    0.000000
    23     1   0.095690       0.084733   22    0.000000
    24     1   0.102464       0.084733   22    0.000000
    25     1   0.065435       0.084733   22    0.000000
    26     1   0.067819       0.084733   22    0.000000
    27     1   0.090029       0.084733   22    0.000000
    28     0   0.119257       0.124869    0    0.006251

        Statistics of the fitting:
  The initial sum of squares (ssvpot)                      0.584
  The residual sum of squares (chipot)                     0.003
  The std err of estimate (sqrt(chipot/N))               0.00095
  ESP relative RMS (SQRT(chipot/ssvpot))                 0.07090

 Dipole Moment (Debye)=   4.60699
