
Resp charges for organic molecule                                               

iqopt   irstrnt  ihfree     qwt
  2      1      1        0.001000

 rel.rms   dipole mom       Qxx      Qyy      Qzz
    0.10648   6.63841  66.28085 -17.76892 -48.51193

          Point charges before & after optimization
    NO   At.No.    q0           q(opt)   IVARY  d(rstr)/dq 
     1     6  -0.297326      -0.297326  -99    0.003188
     2     6   0.153814       0.153814  -99    0.005451
     3     6  -0.341669      -0.341669  -99    0.002809
     4    16  -0.040430      -0.040430  -99    0.009271
     5     6  -0.110323      -0.110323  -99    0.006716
     6     6   0.683031       0.683031  -99    0.001449
     7     8  -0.558258      -0.558258  -99    0.001763
     8     7  -0.143246      -0.143246  -99    0.005724
     9     7  -0.310959      -0.310959  -99    0.003061
    10     6   0.011501       0.011501  -99    0.009935
    11     6   0.340532       0.340532  -99    0.002818
    12     6  -0.422053      -0.422053  -99    0.002306
    13     6   0.010178       0.010178  -99    0.009949
    14     6  -0.067947      -0.067947  -99    0.008271
    15     8  -0.147431      -0.147431  -99    0.005613
    16    35   0.014812       0.014812  -99    0.009892
    17     1   0.182478       0.182478  -99    0.000000
    18     1   0.120360       0.120360  -99    0.000000
    19     1   0.209911       0.209911  -99    0.000000
    20     1   0.251513       0.251513  -99    0.000000
    21     1   0.114355       0.114355  -99    0.000000
    22     1   0.214200       0.214200  -99    0.000000
    23     1   0.132957       0.132957  -99    0.000000

        Statistics of the fitting:
  The initial sum of squares (ssvpot)                      1.635
  The residual sum of squares (chipot)                     0.019
  The std err of estimate (sqrt(chipot/N))               0.00208
  ESP relative RMS (SQRT(chipot/ssvpot))                 0.10648

 Dipole Moment (Debye)=   6.63841
