
Resp charges for organic molecule                                               

iqopt   irstrnt  ihfree     qwt
  2      1      1        0.001000

 rel.rms   dipole mom       Qxx      Qyy      Qzz
    0.12665   2.59259  -8.49449  21.29390 -12.79941

          Point charges before & after optimization
    NO   At.No.    q0           q(opt)   IVARY  d(rstr)/dq 
     1     6  -0.224972      -0.221217    0    0.004119
     2     6   0.249072       0.249072  -99    0.003726
     3     6  -0.476089      -0.476089  -99    0.002056
     4     6   0.332311       0.332311  -99    0.002882
     5     6  -0.072928      -0.072928  -99    0.008080
     6     6  -0.187890      -0.187890  -99    0.004698
     7     6  -0.071470      -0.071470  -99    0.008136
     8    17  -0.125507      -0.125507  -99    0.006232
     9     6   0.361836       0.361836  -99    0.002664
    10     6  -0.385832      -0.390372    0    0.002481
    11     6  -0.385640      -0.390372   10    0.002481
    12     8  -0.631036      -0.631036  -99    0.001565
    13     1   0.079547       0.076933    0    0.000000
    14     1   0.075231       0.076933   13    0.000000
    15     1   0.079554       0.076933   13    0.000000
    16     1   0.195344       0.195344  -99    0.000000
    17     1   0.174016       0.174016  -99    0.000000
    18     1   0.022160       0.022160  -99    0.000000
    19     1   0.087711       0.090939    0    0.000000
    20     1   0.091361       0.090939   19    0.000000
    21     1   0.089295       0.090939   19    0.000000
    22     1   0.087715       0.090939   19    0.000000
    23     1   0.089232       0.090939   19    0.000000
    24     1   0.091272       0.090939   19    0.000000
    25     1   0.455706       0.455706  -99    0.000000

        Statistics of the fitting:
  The initial sum of squares (ssvpot)                      0.360
  The residual sum of squares (chipot)                     0.006
  The std err of estimate (sqrt(chipot/N))               0.00138
  ESP relative RMS (SQRT(chipot/ssvpot))                 0.12665

 Dipole Moment (Debye)=   2.59259
