
Resp charges for organic molecule                                               

iqopt   irstrnt  ihfree     qwt
  0      1      1        0.000500

 rel.rms   dipole mom       Qxx      Qyy      Qzz
    0.09659   2.98996  -4.08001  20.20356 -16.12355

          Point charges before & after optimization
    NO   At.No.    q0           q(opt)   IVARY  d(rstr)/dq 
     1     6   0.000000      -0.366063    0    0.001318
     2     6   0.000000       0.343452    0    0.001398
     3     6   0.000000      -0.501390    0    0.000978
     4     6   0.000000      -0.169503    0    0.002541
     5     6   0.000000      -0.099895    0    0.003537
     6     6   0.000000      -0.030706    0    0.004780
     7     6   0.000000      -0.099895    5    0.003537
     8     6   0.000000      -0.169503    4    0.002541
     9     6   0.000000       0.249415    0    0.001861
    10     8   0.000000      -0.571559    0    0.000862
    11     6   0.000000       0.343452    2    0.001398
    12     6   0.000000      -0.311345    0    0.001529
    13     6   0.000000      -0.253276    0    0.001836
    14    53   0.000000      -0.325800    0    0.001467
    15     1   0.000000       0.106835    0    0.000000
    16     1   0.000000       0.082684    0    0.000000
    17     1   0.000000       0.092505    0    0.000000
    18     1   0.000000      -0.001328    0    0.000000
    19     1   0.000000       0.116851    0    0.000000
    20     1   0.000000       0.134864    0    0.000000
    21     1   0.000000       0.128692    0    0.000000
    22     1   0.000000       0.185271    0    0.000000
    23     1   0.000000       0.185271   22    0.000000
    24     1   0.000000       0.409601    0    0.000000
    25     1   0.000000      -0.001328   18    0.000000
    26     1   0.000000       0.076967    0    0.000000
    27     1   0.000000       0.065217    0    0.000000
    28     1   0.000000       0.065853    0    0.000000
    29     1   0.000000       0.071637    0    0.000000
    30     1   0.000000       0.048280    0    0.000000
    31     1   0.000000       0.060679    0    0.000000
    32     0   0.000000       0.134066    0    0.002989

        Statistics of the fitting:
  The initial sum of squares (ssvpot)                      0.279
  The residual sum of squares (chipot)                     0.003
  The std err of estimate (sqrt(chipot/N))               0.00076
  ESP relative RMS (SQRT(chipot/ssvpot))                 0.09659

 Dipole Moment (Debye)=   2.98996
