
Resp charges for organic molecule                                               

iqopt   irstrnt  ihfree     qwt
  0      1      1        0.000500

 rel.rms   dipole mom       Qxx      Qyy      Qzz
    0.13790   4.01762 -69.08886  55.91812  13.17074

          Point charges before & after optimization
    NO   At.No.    q0           q(opt)   IVARY  d(rstr)/dq 
     1     6   0.000000      -0.144002    0    0.002852
     2     6   0.000000      -0.321232    0    0.001486
     3     6   0.000000       0.440228    0    0.001108
     4     6   0.000000      -0.074190    0    0.004016
     5     6   0.000000      -0.153166    0    0.002733
     6     6   0.000000       0.096928    0    0.003590
     7     6   0.000000      -0.309574    0    0.001537
     8     6   0.000000       0.053233    0    0.004414
     9     6   0.000000       0.592327    0    0.000832
    10     8   0.000000      -0.563437    0    0.000874
    11     7   0.000000      -0.193896    0    0.002292
    12     6   0.000000       0.009139    0    0.004979
    13    16   0.000000      -0.344718    0    0.001393
    14     7   0.000000      -0.199738    0    0.002238
    15    35   0.000000      -0.268674    0    0.001744
    16     8   0.000000      -0.566972    0    0.000868
    17     1   0.000000       0.159346    0    0.000000
    18     1   0.000000       0.207439    0    0.000000
    19     1   0.000000       0.276792    0    0.000000
    20     1   0.000000       0.205127    0    0.000000
    21     1   0.000000       0.285797    0    0.000000
    22     1   0.000000       0.287697    0    0.000000
    23     1   0.000000       0.419817    0    0.000000
    24     0   0.000000       0.105730    0    0.003436

        Statistics of the fitting:
  The initial sum of squares (ssvpot)                      0.894
  The residual sum of squares (chipot)                     0.017
  The std err of estimate (sqrt(chipot/N))               0.00207
  ESP relative RMS (SQRT(chipot/ssvpot))                 0.13790

 Dipole Moment (Debye)=   4.01762
