
Resp charges for organic molecule                                               

iqopt   irstrnt  ihfree     qwt
  2      1      1        0.001000

 rel.rms   dipole mom       Qxx      Qyy      Qzz
    0.13496   1.38080 -59.11658  37.02450  22.09208

          Point charges before & after optimization
    NO   At.No.    q0           q(opt)   IVARY  d(rstr)/dq 
     1     6  -0.212692      -0.212692  -99    0.004255
     2     6  -0.020414      -0.020414  -99    0.009798
     3     6  -0.232145      -0.232145  -99    0.003956
     4     6  -0.020414      -0.020414  -99    0.009798
     5     6  -0.212692      -0.212692  -99    0.004255
     6     6   0.336223       0.336223  -99    0.002851
     7     8  -0.438286      -0.438286  -99    0.002224
     8     6   0.909994       0.909994  -99    0.001092
     9     6  -0.871720      -0.871720  -99    0.001140
    10     6   0.857580       0.857580  -99    0.001158
    11     7  -0.804249      -0.804249  -99    0.001234
    12     6   1.000863       1.000863  -99    0.000994
    13     7  -0.815896      -0.815896  -99    0.001217
    14     7  -0.954048      -0.954048  -99    0.001042
    15     9  -0.229419      -0.229419  -99    0.003996
    16    53  -0.031947      -0.031947  -99    0.009526
    17     1   0.169405       0.169405  -99    0.000000
    18     1   0.144454       0.144454  -99    0.000000
    19     1   0.144454       0.144454  -99    0.000000
    20     1   0.169405       0.169405  -99    0.000000
    21     1   0.278663       0.278663  -99    0.000000
    22     1   0.416440       0.416440  -99    0.000000
    23     1   0.416440       0.416440  -99    0.000000

        Statistics of the fitting:
  The initial sum of squares (ssvpot)                      0.398
  The residual sum of squares (chipot)                     0.007
  The std err of estimate (sqrt(chipot/N))               0.00126
  ESP relative RMS (SQRT(chipot/ssvpot))                 0.13496

 Dipole Moment (Debye)=   1.38080
