
Resp charges for organic molecule                                               

iqopt   irstrnt  ihfree     qwt
  2      1      1        0.001000

 rel.rms   dipole mom       Qxx      Qyy      Qzz
    0.16648   2.38622  31.23378  -8.69065 -22.54313

          Point charges before & after optimization
    NO   At.No.    q0           q(opt)   IVARY  d(rstr)/dq 
     1     6  -0.410835      -0.517482    0    0.001897
     2     6   0.481480       0.481480  -99    0.002034
     3     6  -0.470407      -0.517482    1    0.001897
     4     7  -0.669041      -0.669041  -99    0.001478
     5     6   0.041348       0.035399    0    0.009427
     6     6   0.233450       0.233450  -99    0.003938
     7     1   0.032552       0.032552  -99    0.000000
     8     6   0.199542       0.199542  -99    0.004480
     9     6  -0.189836      -0.189836  -99    0.004661
    10     6  -0.164613      -0.164613  -99    0.005192
    11     6  -0.162788      -0.162788  -99    0.005234
    12     6  -0.068050      -0.068050  -99    0.008267
    13     6  -0.120474      -0.120474  -99    0.006387
    14    17  -0.116817      -0.116817  -99    0.006503
    15     8  -0.649784      -0.649784  -99    0.001521
    16     1   0.120035       0.135094    0    0.000000
    17     1   0.086457       0.135094   16    0.000000
    18     1   0.115548       0.135094   16    0.000000
    19     1  -0.016746      -0.016746  -99    0.000000
    20     1   0.115332       0.135094   16    0.000000
    21     1   0.105908       0.135094   16    0.000000
    22     1   0.124826       0.135094   16    0.000000
    23     1   0.043779       0.041349    0    0.000000
    24     1   0.021704       0.041349   23    0.000000
    25     1   0.171370       0.171370  -99    0.000000
    26     1   0.154215       0.154215  -99    0.000000
    27     1   0.150372       0.150372  -99    0.000000
    28     1   0.137603       0.137603  -99    0.000000
    29     1   0.385048       0.385048  -99    0.000000
    30     1   0.318819       0.318819  -99    0.000000

        Statistics of the fitting:
  The initial sum of squares (ssvpot)                      0.422
  The residual sum of squares (chipot)                     0.012
  The std err of estimate (sqrt(chipot/N))               0.00185
  ESP relative RMS (SQRT(chipot/ssvpot))                 0.16648

 Dipole Moment (Debye)=   2.38622
