
Resp charges for organic molecule                                               

iqopt   irstrnt  ihfree     qwt
  2      1      1        0.001000

 rel.rms   dipole mom       Qxx      Qyy      Qzz
    0.09191   2.56237 -13.89452  30.83973 -16.94520

          Point charges before & after optimization
    NO   At.No.    q0           q(opt)   IVARY  d(rstr)/dq 
     1     6  -0.243206      -0.249966    0    0.003714
     2     6   0.229043       0.229043  -99    0.004001
     3     6  -0.470373      -0.470373  -99    0.002079
     4     6   0.323908       0.323908  -99    0.002950
     5     6  -0.068754      -0.068754  -99    0.008240
     6     6  -0.241851      -0.241851  -99    0.003821
     7     6   0.020692       0.020692  -99    0.009793
     8    35  -0.288562      -0.288562  -99    0.003274
     9     6   0.364140       0.364140  -99    0.002648
    10     6  -0.369893      -0.352286    0    0.002731
    11     6  -0.350005      -0.352286   10    0.002731
    12     8  -0.621370      -0.621370  -99    0.001589
    13     1   0.092812       0.088078    0    0.000000
    14     1   0.075315       0.088078   13    0.000000
    15     1   0.092571       0.088078   13    0.000000
    16     1   0.198435       0.198435  -99    0.000000
    17     1   0.208837       0.208837  -99    0.000000
    18     1   0.012093       0.012093  -99    0.000000
    19     1   0.082240       0.079495    0    0.000000
    20     1   0.082692       0.079495   19    0.000000
    21     1   0.086871       0.079495   19    0.000000
    22     1   0.078194       0.079495   19    0.000000
    23     1   0.083191       0.079495   19    0.000000
    24     1   0.078977       0.079495   19    0.000000
    25     1   0.451777       0.451777  -99    0.000000
    26     0   0.092225       0.095321    0    0.007238

        Statistics of the fitting:
  The initial sum of squares (ssvpot)                      0.323
  The residual sum of squares (chipot)                     0.003
  The std err of estimate (sqrt(chipot/N))               0.00088
  ESP relative RMS (SQRT(chipot/ssvpot))                 0.09191

 Dipole Moment (Debye)=   2.56237
