
Resp charges for organic molecule                                               

iqopt   irstrnt  ihfree     qwt
  2      1      1        0.001000

 rel.rms   dipole mom       Qxx      Qyy      Qzz
    0.12822   2.59235  43.18032 -27.34524 -15.83509

          Point charges before & after optimization
    NO   At.No.    q0           q(opt)   IVARY  d(rstr)/dq 
     1     6  -0.353376      -0.343135    0    0.002798
     2     6   0.444176       0.444176  -99    0.002196
     3     6  -0.064993      -0.064993  -99    0.008385
     4     6   0.339954       0.339954  -99    0.002822
     5     8  -0.152766      -0.152766  -99    0.005477
     6     7  -0.424331      -0.424331  -99    0.002294
     7     6  -0.071669      -0.071669  -99    0.008128
     8     6  -0.132593      -0.132593  -99    0.006021
     9     6  -0.334938      -0.334938  -99    0.002861
    10     6   0.318343       0.318343  -99    0.002997
    11     6   0.365273       0.365273  -99    0.002641
    12     6  -0.366356      -0.366356  -99    0.002633
    13     8  -0.420195      -0.420195  -99    0.002315
    14     6   0.280869       0.278282    0    0.003382
    15     8  -0.406743      -0.406743  -99    0.002387
    16    53  -0.357461      -0.357461  -99    0.002694
    17     1   0.121578       0.118644    0    0.000000
    18     1   0.115721       0.118644   17    0.000000
    19     1   0.127385       0.118644   17    0.000000
    20     1   0.174207       0.174207  -99    0.000000
    21     1   0.215906       0.215906  -99    0.000000
    22     1   0.235455       0.235455  -99    0.000000
    23     1   0.079073       0.087222    0    0.000000
    24     1   0.093060       0.087222   23    0.000000
    25     0   0.174423       0.173207    0    0.005000

        Statistics of the fitting:
  The initial sum of squares (ssvpot)                      0.423
  The residual sum of squares (chipot)                     0.007
  The std err of estimate (sqrt(chipot/N))               0.00129
  ESP relative RMS (SQRT(chipot/ssvpot))                 0.12822

 Dipole Moment (Debye)=   2.59235
