
Resp charges for organic molecule                                               

iqopt   irstrnt  ihfree     qwt
  2      1      1        0.001000

 rel.rms   dipole mom       Qxx      Qyy      Qzz
    0.12293   2.13069  -9.55169  31.21212 -21.66043

          Point charges before & after optimization
    NO   At.No.    q0           q(opt)   IVARY  d(rstr)/dq 
     1     7  -0.549528      -0.549528  -99    0.001790
     2     6   0.260380       0.260380  -99    0.003585
     3     7   0.305847       0.305847  -99    0.003108
     4     6  -0.454081      -0.454081  -99    0.002151
     5     6   0.102957       0.102957  -99    0.006967
     6     6  -0.457509      -0.457509  -99    0.002135
     7     6   0.400519       0.400519  -99    0.002422
     8     7  -0.465783      -0.465783  -99    0.002099
     9     6   0.358001       0.358001  -99    0.002690
    10     7  -0.432253      -0.432253  -99    0.002254
    11     6   0.166200       0.155188    0    0.005417
    12     6  -0.202440      -0.154910    0    0.005423
    13    35  -0.370282      -0.370282  -99    0.002607
    14     1   0.063297       0.050528    0    0.000000
    15     1   0.062150       0.050528   14    0.000000
    16     1   0.063298       0.050528   14    0.000000
    17     1   0.032928       0.033028    0    0.000000
    18     1   0.032905       0.033028   17    0.000000
    19     1   0.285437       0.285437  -99    0.000000
    20     1   0.152069       0.152069  -99    0.000000
    21     1   0.251034       0.251034  -99    0.000000
    22     1   0.255811       0.255811  -99    0.000000
    23     0   0.139041       0.139461    0    0.005827

        Statistics of the fitting:
  The initial sum of squares (ssvpot)                      0.402
  The residual sum of squares (chipot)                     0.006
  The std err of estimate (sqrt(chipot/N))               0.00129
  ESP relative RMS (SQRT(chipot/ssvpot))                 0.12293

 Dipole Moment (Debye)=   2.13069
