
Resp charges for organic molecule                                               

iqopt   irstrnt  ihfree     qwt
  0      1      1        0.000500

 rel.rms   dipole mom       Qxx      Qyy      Qzz
    0.11248   4.15688 -86.68751  65.34948  21.33803

          Point charges before & after optimization
    NO   At.No.    q0           q(opt)   IVARY  d(rstr)/dq 
     1     6   0.000000      -0.232470    0    0.001976
     2     6   0.000000      -0.114523    0    0.003289
     3     6   0.000000       0.071858    0    0.004060
     4     6   0.000000      -0.036942    0    0.004690
     5     6   0.000000       0.002281    0    0.004999
     6     6   0.000000      -0.059568    0    0.004296
     7    53   0.000000      -0.316064    0    0.001508
     8     6   0.000000       0.059283    0    0.004301
     9     1   0.000000       0.156960    0    0.000000
    10     6   0.000000      -0.074689    0    0.004006
    11     1   0.000000       0.136125    0    0.000000
    12     6   0.000000       0.061913    0    0.004251
    13    16   0.000000      -0.236741    0    0.001946
    14     6   0.000000       0.740738    0    0.000669
    15     8   0.000000      -0.577195    0    0.000854
    16     1   0.000000       0.173259    0    0.000000
    17     1   0.000000       0.140920    0    0.000000
    18     1   0.000000       0.122986    0    0.000000
    19     1   0.000000       0.168556    0    0.000000
    20     1   0.000000       0.071649    0    0.000000
    21     1   0.000000       0.066820    0    0.000000
    22     7   0.000000      -0.774381    0    0.000640
    23     1   0.000000       0.417443    0    0.000000
    24     1   0.000000       0.427523    0    0.000000
    25     8   0.000000      -0.542357    0    0.000907
    26     0   0.000000       0.146615    0    0.002817

        Statistics of the fitting:
  The initial sum of squares (ssvpot)                      1.051
  The residual sum of squares (chipot)                     0.013
  The std err of estimate (sqrt(chipot/N))               0.00172
  ESP relative RMS (SQRT(chipot/ssvpot))                 0.11248

 Dipole Moment (Debye)=   4.15688
