
Resp charges for organic molecule                                               

iqopt   irstrnt  ihfree     qwt
  0      1      1        0.000500

 rel.rms   dipole mom       Qxx      Qyy      Qzz
    0.09874   4.23692  -1.21470  23.55290 -22.33820

          Point charges before & after optimization
    NO   At.No.    q0           q(opt)   IVARY  d(rstr)/dq 
     1     6   0.000000      -0.241773    0    0.001911
     2     6   0.000000      -0.190699    0    0.002322
     3     6   0.000000       0.237113    0    0.001943
     4     6   0.000000      -0.190699    2    0.002322
     5     6   0.000000      -0.241773    1    0.001911
     6     6   0.000000       0.299921    0    0.001581
     7     7   0.000000      -0.633649    0    0.000779
     8     6   0.000000       1.004621    0    0.000495
     9     7   0.000000      -0.725310    0    0.000683
    10     6   0.000000       0.581743    0    0.000847
    11     7   0.000000      -0.868453    0    0.000572
    12     6   0.000000       1.230809    0    0.000405
    13     7   0.000000      -0.955153    0    0.000521
    14     7   0.000000      -1.138778    0    0.000437
    15    17   0.000000      -0.343372    0    0.001398
    16     1   0.000000       0.159791    0    0.000000
    17     1   0.000000       0.189022    0    0.000000
    18     1   0.000000       0.189022   17    0.000000
    19     1   0.000000       0.159791   16    0.000000
    20     1   0.000000       0.356283    0    0.000000
    21     1   0.000000       0.084116    0    0.000000
    22     1   0.000000       0.472100    0    0.000000
    23     1   0.000000       0.472100   22    0.000000
    24     0   0.000000       0.093229    0    0.003657

        Statistics of the fitting:
  The initial sum of squares (ssvpot)                      0.522
  The residual sum of squares (chipot)                     0.005
  The std err of estimate (sqrt(chipot/N))               0.00124
  ESP relative RMS (SQRT(chipot/ssvpot))                 0.09874

 Dipole Moment (Debye)=   4.23692
