
Resp charges for organic molecule                                               

iqopt   irstrnt  ihfree     qwt
  2      1      1        0.001000

 rel.rms   dipole mom       Qxx      Qyy      Qzz
    0.11152   5.57233  14.58891   5.36618 -19.95509

          Point charges before & after optimization
    NO   At.No.    q0           q(opt)   IVARY  d(rstr)/dq 
     1     6  -0.302430      -0.302430  -99    0.003139
     2     6  -0.042381      -0.042381  -99    0.009207
     3     6  -0.055327      -0.055327  -99    0.008750
     4     6  -0.042381      -0.042381  -99    0.009207
     5     6  -0.302430      -0.302430  -99    0.003139
     6     6   0.371856       0.371856  -99    0.002597
     7     8  -0.289054      -0.289054  -99    0.003269
     8     6  -0.057728      -0.065278    0    0.008374
     9     6   0.299785       0.299785  -99    0.003164
    10     1   0.066452       0.066452  -99    0.000000
    11     6   0.005368       0.020567    0    0.009795
    12     8  -0.429847      -0.429847  -99    0.002266
    13     6   0.948807       0.948807  -99    0.001048
    14     8  -0.623596      -0.623596  -99    0.001583
    15     7  -0.974225      -0.974225  -99    0.001021
    16     8  -0.673600      -0.673600  -99    0.001468
    17    17  -0.127905      -0.127905  -99    0.006159
    18     1   0.168934       0.168934  -99    0.000000
    19     1   0.147163       0.147163  -99    0.000000
    20     1   0.147163       0.147163  -99    0.000000
    21     1   0.168934       0.168934  -99    0.000000
    22     1   0.038111       0.066989    0    0.000000
    23     1   0.087574       0.066989   22    0.000000
    24     1   0.098861       0.083467    0    0.000000
    25     1   0.084014       0.083467   24    0.000000
    26     1   0.426240       0.426240  -99    0.000000
    27     1   0.426240       0.426240  -99    0.000000
    28     1   0.435400       0.435400  -99    0.000000

        Statistics of the fitting:
  The initial sum of squares (ssvpot)                      1.040
  The residual sum of squares (chipot)                     0.013
  The std err of estimate (sqrt(chipot/N))               0.00189
  ESP relative RMS (SQRT(chipot/ssvpot))                 0.11152

 Dipole Moment (Debye)=   5.57233
