
Resp charges for organic molecule                                               

iqopt   irstrnt  ihfree     qwt
  0      1      1        0.000500

 rel.rms   dipole mom       Qxx      Qyy      Qzz
    0.06971   3.76412  16.47130  19.65921 -36.13051

          Point charges before & after optimization
    NO   At.No.    q0           q(opt)   IVARY  d(rstr)/dq 
     1     6   0.000000      -0.306173    0    0.001552
     2     6   0.000000       0.481299    0    0.001017
     3     6   0.000000      -0.539053    0    0.000912
     4     6   0.000000       0.228207    0    0.002007
     5     7   0.000000       0.028336    0    0.004811
     6     7   0.000000      -0.515075    0    0.000953
     7     6   0.000000       0.649059    0    0.000761
     8     8   0.000000      -0.530437    0    0.000926
     9     6   0.000000       0.139960    0    0.002907
    10     6   0.000000       0.006759    0    0.004989
    11     6   0.000000      -0.264983    0    0.001765
    12     7   0.000000       0.343646    0    0.001397
    13     7   0.000000      -0.475119    0    0.001030
    14     6   0.000000      -0.281956    0    0.001671
    15    53   0.000000      -0.282757    0    0.001667
    16     6   0.000000      -0.314564    0    0.001515
    17     1   0.000000       0.089410    0    0.000000
    18     1   0.000000       0.108726    0    0.000000
    19     1   0.000000       0.089287    0    0.000000
    20     1   0.000000       0.226041    0    0.000000
    21     1   0.000000       0.237707    0    0.000000
    22     1   0.000000       0.136248    0    0.000000
    23     1   0.000000       0.106565    0    0.000000
    24     1   0.000000       0.141079    0    0.000000
    25     1   0.000000       0.124286    0    0.000000
    26     1   0.000000       0.105006    0    0.000000
    27     1   0.000000       0.115816    0    0.000000
    28     0   0.000000       0.152678    0    0.002740

        Statistics of the fitting:
  The initial sum of squares (ssvpot)                      0.780
  The residual sum of squares (chipot)                     0.004
  The std err of estimate (sqrt(chipot/N))               0.00091
  ESP relative RMS (SQRT(chipot/ssvpot))                 0.06971

 Dipole Moment (Debye)=   3.76412
