
Resp charges for organic molecule                                               

iqopt   irstrnt  ihfree     qwt
  2      1      1        0.001000

 rel.rms   dipole mom       Qxx      Qyy      Qzz
    0.08760   2.01083  22.49711   6.70251 -29.19962

          Point charges before & after optimization
    NO   At.No.    q0           q(opt)   IVARY  d(rstr)/dq 
     1     6  -0.151466      -0.151466  -99    0.005510
     2     6  -0.237776      -0.237776  -99    0.003877
     3     6  -0.154260      -0.154260  -99    0.005440
     4     6   0.120695       0.120695  -99    0.006380
     5     6   0.411452       0.411452  -99    0.002362
     6     6  -0.307883      -0.307883  -99    0.003089
     7     7  -0.959022      -0.959022  -99    0.001037
     8     8  -0.291564      -0.291564  -99    0.003244
     9     6   0.224533       0.224533  -99    0.004068
    10     6  -0.198949      -0.198949  -99    0.004491
    11     6  -0.132897      -0.132897  -99    0.006013
    12     6  -0.202572      -0.202572  -99    0.004427
    13     6  -0.147884      -0.147884  -99    0.005602
    14     6   0.135826       0.135826  -99    0.005929
    15    35  -0.329888      -0.329888  -99    0.002901
    16     1   0.160446       0.160446  -99    0.000000
    17     1   0.164364       0.164364  -99    0.000000
    18     1   0.149242       0.149242  -99    0.000000
    19     1   0.174923       0.174923  -99    0.000000
    20     1   0.396570       0.396570  -99    0.000000
    21     1   0.396570       0.396570  -99    0.000000
    22     1   0.165404       0.165404  -99    0.000000
    23     1   0.158078       0.158078  -99    0.000000
    24     1   0.165175       0.165175  -99    0.000000
    25     1   0.176508       0.176508  -99    0.000000
    26     0   0.114376       0.114375    0    0.006582

        Statistics of the fitting:
  The initial sum of squares (ssvpot)                      0.495
  The residual sum of squares (chipot)                     0.004
  The std err of estimate (sqrt(chipot/N))               0.00104
  ESP relative RMS (SQRT(chipot/ssvpot))                 0.08760

 Dipole Moment (Debye)=   2.01083
