
Resp charges for organic molecule                                               

iqopt   irstrnt  ihfree     qwt
  2      1      1        0.001000

 rel.rms   dipole mom       Qxx      Qyy      Qzz
    0.10509   4.82930 -24.10527  15.93508   8.17019

          Point charges before & after optimization
    NO   At.No.    q0           q(opt)   IVARY  d(rstr)/dq 
     1     7  -0.291334      -0.291334  -99    0.003247
     2     7   0.415447       0.415447  -99    0.002340
     3     6   0.818325       0.818325  -99    0.001213
     4     7  -0.509071      -0.509071  -99    0.001928
     5     7  -0.061734      -0.061734  -99    0.008509
     6     7  -0.656397      -0.656397  -99    0.001506
     7     6   0.451779       0.451779  -99    0.002161
     8     6  -0.243578      -0.243578  -99    0.003798
     9     6   0.508107       0.508107  -99    0.001931
    10     6  -0.384481      -0.384481  -99    0.002517
    11     6  -0.045968      -0.045968  -99    0.009086
    12     6   0.113130       0.113130  -99    0.006623
    13     6  -0.189277      -0.189277  -99    0.004671
    14     8  -0.606361      -0.606361  -99    0.001627
    15    35  -0.325990      -0.325990  -99    0.002933
    16     7  -1.210391      -1.210391  -99    0.000823
    17     1   0.175193       0.175193  -99    0.000000
    18     1   0.217129       0.217129  -99    0.000000
    19     1   0.215148       0.215148  -99    0.000000
    20     1   0.045277       0.045277  -99    0.000000
    21     1   0.510340       0.510340  -99    0.000000
    22     1   0.510340       0.510340  -99    0.000000
    23     1   0.424041       0.424041  -99    0.000000
    24     0   0.120327       0.120326    0    0.006392

        Statistics of the fitting:
  The initial sum of squares (ssvpot)                      1.006
  The residual sum of squares (chipot)                     0.011
  The std err of estimate (sqrt(chipot/N))               0.00167
  ESP relative RMS (SQRT(chipot/ssvpot))                 0.10509

 Dipole Moment (Debye)=   4.82930
