
Resp charges for organic molecule                                               

iqopt   irstrnt  ihfree     qwt
  2      1      1        0.001000

 rel.rms   dipole mom       Qxx      Qyy      Qzz
    0.07867   2.29492  57.50177 -39.11710 -18.38467

          Point charges before & after optimization
    NO   At.No.    q0           q(opt)   IVARY  d(rstr)/dq 
     1     6  -0.282041      -0.242293    0    0.003815
     2     6   0.209620       0.228513    0    0.004009
     3     8  -0.375685      -0.375685  -99    0.002572
     4     6   0.770153       0.770153  -99    0.001288
     5     8  -0.592873      -0.592873  -99    0.001663
     6     6  -0.242244      -0.242244  -99    0.003816
     7     6  -0.049992      -0.049992  -99    0.008945
     8     6   0.133203       0.133203  -99    0.006004
     9     6  -0.177595      -0.177595  -99    0.004906
    10     6  -0.162813      -0.162813  -99    0.005234
    11     6  -0.101662      -0.101662  -99    0.007013
    12     6  -0.156969      -0.156969  -99    0.005373
    13     6   0.102745       0.102745  -99    0.006975
    14    35  -0.295837      -0.295837  -99    0.003202
    15     6   0.340955       0.340955  -99    0.002814
    16     7  -0.458974      -0.458974  -99    0.002129
    17     1   0.093483       0.075738    0    0.000000
    18     1   0.093438       0.075738   17    0.000000
    19     1   0.076933       0.075738   17    0.000000
    20     1   0.048252       0.037179    0    0.000000
    21     1   0.048209       0.037179   20    0.000000
    22     1   0.168506       0.168506  -99    0.000000
    23     1   0.202515       0.202515  -99    0.000000
    24     1   0.160823       0.160823  -99    0.000000
    25     1   0.154676       0.154676  -99    0.000000
    26     1   0.171386       0.171386  -99    0.000000
    27     0   0.121785       0.121890    0    0.006343

        Statistics of the fitting:
  The initial sum of squares (ssvpot)                      0.698
  The residual sum of squares (chipot)                     0.004
  The std err of estimate (sqrt(chipot/N))               0.00102
  ESP relative RMS (SQRT(chipot/ssvpot))                 0.07867

 Dipole Moment (Debye)=   2.29492
