
Resp charges for organic molecule                                               

iqopt   irstrnt  ihfree     qwt
  2      1      1        0.001000

 rel.rms   dipole mom       Qxx      Qyy      Qzz
    0.11797   4.46487 -18.58749 -15.13810  33.72559

          Point charges before & after optimization
    NO   At.No.    q0           q(opt)   IVARY  d(rstr)/dq 
     1     6  -0.262918      -0.264606    0    0.003535
     2     6   0.468696       0.468696  -99    0.002087
     3     7  -0.578837      -0.578837  -99    0.001702
     4     6   0.116223       0.116223  -99    0.006522
     5     6  -0.143870      -0.143870  -99    0.005707
     6     7  -0.011508      -0.011508  -99    0.009934
     7     6  -0.309587      -0.280767    0    0.003355
     8     6   0.338907       0.338907  -99    0.002830
     9     1   0.080081       0.080081  -99    0.000000
    10     6  -0.385739      -0.386723    0    0.002503
    11    17  -0.157454      -0.157454  -99    0.005361
    12     8  -0.613561      -0.613561  -99    0.001609
    13     7   0.722230       0.722230  -99    0.001372
    14     8  -0.447280      -0.447280  -99    0.002182
    15     8  -0.447280      -0.447280  -99    0.002182
    16     1   0.086739       0.100785    0    0.000000
    17     1   0.104326       0.100785   16    0.000000
    18     1   0.112996       0.100785   16    0.000000
    19     1   0.174672       0.174672  -99    0.000000
    20     1   0.168748       0.150001    0    0.000000
    21     1   0.157765       0.150001   20    0.000000
    22     1   0.211527       0.210747    0    0.000000
    23     1   0.207898       0.210747   22    0.000000
    24     1   0.407226       0.407226  -99    0.000000

        Statistics of the fitting:
  The initial sum of squares (ssvpot)                      0.828
  The residual sum of squares (chipot)                     0.012
  The std err of estimate (sqrt(chipot/N))               0.00195
  ESP relative RMS (SQRT(chipot/ssvpot))                 0.11797

 Dipole Moment (Debye)=   4.46487
