
Resp charges for organic molecule                                               

iqopt   irstrnt  ihfree     qwt
  0      1      1        0.000500

 rel.rms   dipole mom       Qxx      Qyy      Qzz
    0.09765   1.42167 -55.48655  35.31053  20.17602

          Point charges before & after optimization
    NO   At.No.    q0           q(opt)   IVARY  d(rstr)/dq 
     1     6   0.000000      -0.272155    0    0.001724
     2     6   0.000000      -0.105990    0    0.003431
     3     6   0.000000       0.064535    0    0.004201
     4     6   0.000000      -0.105990    2    0.003431
     5     6   0.000000      -0.272155    1    0.001724
     6     6   0.000000       0.371768    0    0.001299
     7     8   0.000000      -0.431529    0    0.001129
     8     6   0.000000       0.903783    0    0.000550
     9     6   0.000000      -0.874057    0    0.000568
    10     6   0.000000       0.862042    0    0.000576
    11     7   0.000000      -0.806028    0    0.000616
    12     6   0.000000       1.000130    0    0.000497
    13     7   0.000000      -0.812764    0    0.000611
    14     7   0.000000      -0.953899    0    0.000521
    15     9   0.000000      -0.229993    0    0.001994
    16    53   0.000000      -0.327354    0    0.001461
    17     1   0.000000       0.189042    0    0.000000
    18     1   0.000000       0.178470    0    0.000000
    19     1   0.000000       0.178470   18    0.000000
    20     1   0.000000       0.189042   17    0.000000
    21     1   0.000000       0.278371    0    0.000000
    22     1   0.000000       0.416756    0    0.000000
    23     1   0.000000       0.416756   22    0.000000
    24     0   0.000000       0.142749    0    0.002869

        Statistics of the fitting:
  The initial sum of squares (ssvpot)                      0.398
  The residual sum of squares (chipot)                     0.004
  The std err of estimate (sqrt(chipot/N))               0.00092
  ESP relative RMS (SQRT(chipot/ssvpot))                 0.09765

 Dipole Moment (Debye)=   1.42167
