
Resp charges for organic molecule                                               

iqopt   irstrnt  ihfree     qwt
  2      1      1        0.001000

 rel.rms   dipole mom       Qxx      Qyy      Qzz
    0.13054   1.51565  -9.18658   0.66948   8.51710

          Point charges before & after optimization
    NO   At.No.    q0           q(opt)   IVARY  d(rstr)/dq 
     1     6  -0.183558      -0.183558  -99    0.004784
     2     6  -0.105264      -0.105264  -99    0.006887
     3     6  -0.191493      -0.191493  -99    0.004629
     4     6   0.275944       0.275944  -99    0.003407
     5     6  -0.191493      -0.191493  -99    0.004629
     6     6  -0.105264      -0.105264  -99    0.006887
     7    17  -0.328627      -0.328627  -99    0.002911
     8     6   0.818398       0.818398  -99    0.001213
     9     7  -0.614941      -0.614941  -99    0.001605
    10     6  -0.078102      -0.078128    0    0.007880
    11     6   0.711184       0.711184  -99    0.001392
    12     7  -0.538432      -0.538432  -99    0.001826
    13     8  -0.397288      -0.397288  -99    0.002441
    14     8  -0.592488      -0.592488  -99    0.001664
    15     8  -0.546008      -0.546008  -99    0.001802
    16     1   0.146291       0.146291  -99    0.000000
    17     1   0.176217       0.176217  -99    0.000000
    18     1   0.176217       0.176217  -99    0.000000
    19     1   0.146291       0.146291  -99    0.000000
    20     1   0.298887       0.298887  -99    0.000000
    21     1   0.083488       0.098813    0    0.000000
    22     1   0.114068       0.098813   21    0.000000
    23     1   0.420237       0.420237  -99    0.000000
    24     1   0.408080       0.408080  -99    0.000000
    25     0   0.097656       0.097613    0    0.007156

        Statistics of the fitting:
  The initial sum of squares (ssvpot)                      0.676
  The residual sum of squares (chipot)                     0.012
  The std err of estimate (sqrt(chipot/N))               0.00185
  ESP relative RMS (SQRT(chipot/ssvpot))                 0.13054

 Dipole Moment (Debye)=   1.51565
