
Resp charges for organic molecule                                               

iqopt   irstrnt  ihfree     qwt
  2      1      1        0.001000

 rel.rms   dipole mom       Qxx      Qyy      Qzz
    0.14177   3.10272  34.90923 -10.39208 -24.51715

          Point charges before & after optimization
    NO   At.No.    q0           q(opt)   IVARY  d(rstr)/dq 
     1     6  -0.659289      -0.659289  -99    0.001500
     2     6   0.478284       0.478284  -99    0.002047
     3     7  -0.818700      -0.818700  -99    0.001212
     4     6   1.237615       1.237615  -99    0.000805
     5     7  -0.818700      -0.818700  -99    0.001212
     6     6   0.478284       0.478284  -99    0.002047
     7     7  -0.891396      -0.891396  -99    0.001115
     8     6   0.681662       0.681662  -99    0.001451
     9     7  -0.475289      -0.475289  -99    0.002059
    10     6  -0.061510      -0.059568    0    0.008591
    11     6  -0.193738      -0.193738  -99    0.004587
    12     1   0.205718       0.205718  -99    0.000000
    13    16  -0.189715      -0.189715  -99    0.004663
    14     6  -0.029326      -0.035138    0    0.009434
    15    53  -0.356668      -0.356668  -99    0.002700
    16     1   0.212934       0.212934  -99    0.000000
    17     1   0.088417       0.088417  -99    0.000000
    18     1   0.088417       0.088417  -99    0.000000
    19     1   0.411951       0.411951  -99    0.000000
    20     1   0.112425       0.108238    0    0.000000
    21     1   0.106457       0.108238   20    0.000000
    22     1   0.133414       0.137732    0    0.000000
    23     1   0.135688       0.137732   22    0.000000
    24     0   0.123065       0.122979    0    0.006309

        Statistics of the fitting:
  The initial sum of squares (ssvpot)                      0.555
  The residual sum of squares (chipot)                     0.011
  The std err of estimate (sqrt(chipot/N))               0.00159
  ESP relative RMS (SQRT(chipot/ssvpot))                 0.14177

 Dipole Moment (Debye)=   3.10272
