
Resp charges for organic molecule                                               

iqopt   irstrnt  ihfree     qwt
  2      1      1        0.001000

 rel.rms   dipole mom       Qxx      Qyy      Qzz
    0.14100   3.10423  35.26027 -10.61065 -24.64962

          Point charges before & after optimization
    NO   At.No.    q0           q(opt)   IVARY  d(rstr)/dq 
     1     6  -0.657249      -0.657249  -99    0.001504
     2     6   0.470989       0.470989  -99    0.002077
     3     7  -0.818342      -0.818342  -99    0.001213
     4     6   1.245367       1.245367  -99    0.000800
     5     7  -0.818342      -0.818342  -99    0.001213
     6     6   0.470989       0.470989  -99    0.002077
     7     7  -0.883671      -0.883671  -99    0.001124
     8     6   0.678301       0.678301  -99    0.001459
     9     7  -0.483975      -0.483975  -99    0.002023
    10     6  -0.052969      -0.045680    0    0.009096
    11     6  -0.174793      -0.174793  -99    0.004966
    12     1   0.196487       0.196487  -99    0.000000
    13    16  -0.193824      -0.193824  -99    0.004585
    14     6  -0.014595      -0.023704    0    0.009730
    15    53  -0.360305      -0.360305  -99    0.002674
    16     1   0.214026       0.214026  -99    0.000000
    17     1   0.091525       0.091525  -99    0.000000
    18     1   0.091525       0.091525  -99    0.000000
    19     1   0.405390       0.405390  -99    0.000000
    20     1   0.103596       0.103067    0    0.000000
    21     1   0.109316       0.103067   20    0.000000
    22     1   0.131669       0.132646    0    0.000000
    23     1   0.125207       0.132646   22    0.000000
    24     0   0.123679       0.123860    0    0.006282

        Statistics of the fitting:
  The initial sum of squares (ssvpot)                      0.567
  The residual sum of squares (chipot)                     0.011
  The std err of estimate (sqrt(chipot/N))               0.00160
  ESP relative RMS (SQRT(chipot/ssvpot))                 0.14100

 Dipole Moment (Debye)=   3.10423
