
Resp charges for organic molecule                                               

iqopt   irstrnt  ihfree     qwt
  2      1      1        0.001000

 rel.rms   dipole mom       Qxx      Qyy      Qzz
    0.10259   5.97598   5.82573 -23.94537  18.11965

          Point charges before & after optimization
    NO   At.No.    q0           q(opt)   IVARY  d(rstr)/dq 
     1     6  -0.089657      -0.089657  -99    0.007446
     2     6   0.014968       0.014968  -99    0.009890
     3     6   0.662366       0.662366  -99    0.001493
     4     8  -0.521164      -0.521164  -99    0.001884
     5     7  -0.625474      -0.625474  -99    0.001579
     6     1   0.379223       0.379223  -99    0.000000
     7     6   0.688839       0.688839  -99    0.001437
     8     8  -0.582196      -0.582196  -99    0.001693
     9     7  -0.113777      -0.113777  -99    0.006602
    10     6   0.111141       0.111141  -99    0.006689
    11     1   0.156349       0.156349  -99    0.000000
    12     6  -0.051949      -0.044730    0    0.009128
    13     8  -0.337960      -0.337960  -99    0.002837
    14     6   0.188454       0.188454  -99    0.004687
    15     1   0.096492       0.096492  -99    0.000000
    16     8  -0.366331      -0.366331  -99    0.002633
    17     6   0.100794       0.075011    0    0.007999
    18     8  -0.600297      -0.600297  -99    0.001643
    19    35  -0.337494      -0.337494  -99    0.002841
    20     1   0.260273       0.260273  -99    0.000000
    21     1   0.117290       0.121336    0    0.000000
    22     1   0.127842       0.121336   21    0.000000
    23     1   0.051975       0.091400    0    0.000000
    24     1   0.112527       0.091400   23    0.000000
    25     1   0.414764       0.414764  -99    0.000000
    26     0   0.143000       0.145728    0    0.005658

        Statistics of the fitting:
  The initial sum of squares (ssvpot)                      1.102
  The residual sum of squares (chipot)                     0.012
  The std err of estimate (sqrt(chipot/N))               0.00179
  ESP relative RMS (SQRT(chipot/ssvpot))                 0.10259

 Dipole Moment (Debye)=   5.97598
