
Resp charges for organic molecule                                               

iqopt   irstrnt  ihfree     qwt
  0      1      1        0.000500

 rel.rms   dipole mom       Qxx      Qyy      Qzz
    0.07119   4.02040 -82.55388  45.16113  37.39275

          Point charges before & after optimization
    NO   At.No.    q0           q(opt)   IVARY  d(rstr)/dq 
     1     6   0.000000      -0.194847    0    0.002283
     2     6   0.000000      -0.216834    0    0.002094
     3     6   0.000000       0.279207    0    0.001686
     4     6   0.000000      -0.216834    2    0.002094
     5     6   0.000000      -0.194847    1    0.002283
     6     6   0.000000       0.097445    0    0.003581
     7     6   0.000000      -0.177488    0    0.002454
     8     6   0.000000       0.338668    0    0.001416
     9     1   0.000000       0.028575    0    0.000000
    10     6   0.000000       0.660325    0    0.000749
    11     8   0.000000      -0.565209    0    0.000871
    12     8   0.000000      -0.560836    0    0.000878
    13     7   0.000000      -0.926890    0    0.000536
    14    17   0.000000      -0.335981    0    0.001426
    15     1   0.000000       0.149523    0    0.000000
    16     1   0.000000       0.188080    0    0.000000
    17     1   0.000000       0.188080   16    0.000000
    18     1   0.000000       0.149523   15    0.000000
    19     1   0.000000       0.070086    0    0.000000
    20     1   0.000000       0.069472    0    0.000000
    21     1   0.000000       0.350291    0    0.000000
    22     1   0.000000       0.350291   21    0.000000
    23     1   0.000000       0.374797    0    0.000000
    24     0   0.000000       0.095398    0    0.003618

        Statistics of the fitting:
  The initial sum of squares (ssvpot)                      1.152
  The residual sum of squares (chipot)                     0.006
  The std err of estimate (sqrt(chipot/N))               0.00139
  ESP relative RMS (SQRT(chipot/ssvpot))                 0.07119

 Dipole Moment (Debye)=   4.02040
