
Resp charges for organic molecule                                               

iqopt   irstrnt  ihfree     qwt
  2      1      1        0.001000

 rel.rms   dipole mom       Qxx      Qyy      Qzz
    0.13951   2.97123  13.25829   8.89933 -22.15762

          Point charges before & after optimization
    NO   At.No.    q0           q(opt)   IVARY  d(rstr)/dq 
     1     6  -0.097823      -0.097823  -99    0.007148
     2     6  -0.248136      -0.248136  -99    0.003738
     3     6  -0.100018      -0.100018  -99    0.007070
     4     6   0.086192       0.086192  -99    0.007575
     5     6   0.182593       0.182593  -99    0.004803
     6     6  -0.259607      -0.259607  -99    0.003595
     7     8  -0.162998      -0.162998  -99    0.005229
     8     6   0.147651       0.147651  -99    0.005608
     9     6   0.020484      -0.050827    0    0.008914
    10     6  -0.126191      -0.007482    0    0.009972
    11     6   0.056587      -0.007482   10    0.009972
    12     6  -0.106308      -0.050827    9    0.008914
    13    53  -0.382075      -0.382075  -99    0.002532
    14     1   0.153425       0.153425  -99    0.000000
    15     1   0.162319       0.162319  -99    0.000000
    16     1   0.171519       0.171519  -99    0.000000
    17     1   0.146326       0.146326  -99    0.000000
    18     1   0.025000       0.025000  -99    0.000000
    19     1   0.021374       0.023217    0    0.000000
    20     1   0.003543       0.023217   19    0.000000
    21     1   0.034695       0.011076    0    0.000000
    22     1   0.039748       0.011076   21    0.000000
    23     1   0.004453       0.011076   21    0.000000
    24     1   0.002317       0.011076   21    0.000000
    25     1   0.047351       0.023217   19    0.000000
    26     1   0.021309       0.023217   19    0.000000
    27     0   0.156269       0.155075    0    0.005419

        Statistics of the fitting:
  The initial sum of squares (ssvpot)                      0.264
  The residual sum of squares (chipot)                     0.005
  The std err of estimate (sqrt(chipot/N))               0.00113
  ESP relative RMS (SQRT(chipot/ssvpot))                 0.13951

 Dipole Moment (Debye)=   2.97123
