
Resp charges for organic molecule                                               

iqopt   irstrnt  ihfree     qwt
  2      1      1        0.001000

 rel.rms   dipole mom       Qxx      Qyy      Qzz
    0.07174   5.21496 -18.55262  20.07430  -1.52168

          Point charges before & after optimization
    NO   At.No.    q0           q(opt)   IVARY  d(rstr)/dq 
     1     6  -0.211934      -0.211934  -99    0.004267
     2     6  -0.186654      -0.186654  -99    0.004722
     3     6   0.277590       0.277590  -99    0.003389
     4     6  -0.186654      -0.186654  -99    0.004722
     5     6  -0.211934      -0.211934  -99    0.004267
     6     6   0.129695       0.129695  -99    0.006106
     7     7  -0.115328      -0.115328  -99    0.006551
     8     6   0.387439       0.387439  -99    0.002499
     9     7  -0.735188      -0.735188  -99    0.001348
    10     6  -0.065602      -0.057162    0    0.008681
    11     7  -0.260670      -0.260670  -99    0.003582
    12     6   0.558571       0.558571  -99    0.001762
    13     8  -0.527809      -0.527809  -99    0.001862
    14     6  -0.071582      -0.019074    0    0.009823
    15     6   0.373875       0.373875  -99    0.002584
    16     7  -0.463158      -0.463158  -99    0.002110
    17    17  -0.346378      -0.346378  -99    0.002774
    18     1   0.188425       0.188425  -99    0.000000
    19     1   0.178986       0.178986  -99    0.000000
    20     1   0.178986       0.178986  -99    0.000000
    21     1   0.188425       0.188425  -99    0.000000
    22     1   0.354797       0.354797  -99    0.000000
    23     1   0.091883       0.096099    0    0.000000
    24     1   0.118952       0.096099   23    0.000000
    25     1   0.114261       0.107261    0    0.000000
    26     1   0.142890       0.107261   25    0.000000
    27     0   0.098117       0.098434    0    0.007127

        Statistics of the fitting:
  The initial sum of squares (ssvpot)                      1.224
  The residual sum of squares (chipot)                     0.006
  The std err of estimate (sqrt(chipot/N))               0.00133
  ESP relative RMS (SQRT(chipot/ssvpot))                 0.07174

 Dipole Moment (Debye)=   5.21496
