
Resp charges for organic molecule                                               

iqopt   irstrnt  ihfree     qwt
  0      1      1        0.000500

 rel.rms   dipole mom       Qxx      Qyy      Qzz
    0.10964   4.15046 -86.53126  65.20040  21.33086

          Point charges before & after optimization
    NO   At.No.    q0           q(opt)   IVARY  d(rstr)/dq 
     1     6   0.000000      -0.231377    0    0.001984
     2     6   0.000000      -0.123987    0    0.003139
     3     6   0.000000       0.084836    0    0.003813
     4     6   0.000000      -0.041634    0    0.004616
     5     6   0.000000      -0.006826    0    0.004988
     6     6   0.000000      -0.057076    0    0.004342
     7    53   0.000000      -0.306741    0    0.001550
     8     6   0.000000       0.071048    0    0.004076
     9     1   0.000000       0.152197    0    0.000000
    10     6   0.000000      -0.104401    0    0.003459
    11     1   0.000000       0.146592    0    0.000000
    12     6   0.000000       0.072152    0    0.004055
    13    16   0.000000      -0.239535    0    0.001926
    14     6   0.000000       0.748815    0    0.000662
    15     8   0.000000      -0.579561    0    0.000850
    16     1   0.000000       0.173646    0    0.000000
    17     1   0.000000       0.142949    0    0.000000
    18     1   0.000000       0.121922    0    0.000000
    19     1   0.000000       0.168436    0    0.000000
    20     1   0.000000       0.067063    0    0.000000
    21     1   0.000000       0.070052    0    0.000000
    22     7   0.000000      -0.783102    0    0.000633
    23     1   0.000000       0.432839    0    0.000000
    24     1   0.000000       0.422009    0    0.000000
    25     8   0.000000      -0.543066    0    0.000905
    26     0   0.000000       0.142750    0    0.002869

        Statistics of the fitting:
  The initial sum of squares (ssvpot)                      1.049
  The residual sum of squares (chipot)                     0.013
  The std err of estimate (sqrt(chipot/N))               0.00168
  ESP relative RMS (SQRT(chipot/ssvpot))                 0.10964

 Dipole Moment (Debye)=   4.15046
