
Resp charges for organic molecule                                               

iqopt   irstrnt  ihfree     qwt
  2      1      1        0.001000

 rel.rms   dipole mom       Qxx      Qyy      Qzz
    0.12187   4.09998 -88.07543  64.77351  23.30192

          Point charges before & after optimization
    NO   At.No.    q0           q(opt)   IVARY  d(rstr)/dq 
     1     6  -0.167897      -0.167897  -99    0.005117
     2     6  -0.190693      -0.190693  -99    0.004644
     3     6   0.173670       0.173670  -99    0.004990
     4     6   0.054626       0.054626  -99    0.008776
     5     6  -0.316648      -0.316648  -99    0.003011
     6     6   0.030554       0.030554  -99    0.009564
     7    53  -0.007746      -0.007746  -99    0.009970
     8     6   0.033216       0.033216  -99    0.009490
     9     1   0.155725       0.155725  -99    0.000000
    10     6  -0.089186      -0.089186  -99    0.007463
    11     1   0.139216       0.139216  -99    0.000000
    12     6   0.096231       0.095151    0    0.007244
    13    16  -0.244790      -0.244790  -99    0.003782
    14     6   0.746383       0.746383  -99    0.001328
    15     8  -0.578229      -0.578229  -99    0.001704
    16     1   0.154615       0.154615  -99    0.000000
    17     1   0.151771       0.151771  -99    0.000000
    18     1   0.080337       0.080337  -99    0.000000
    19     1   0.134856       0.134856  -99    0.000000
    20     1   0.058799       0.061323    0    0.000000
    21     1   0.062765       0.061323   20    0.000000
    22     7  -0.787683      -0.787683  -99    0.001259
    23     1   0.432593       0.432593  -99    0.000000
    24     1   0.421165       0.421165  -99    0.000000
    25     8  -0.543652      -0.543652  -99    0.001809

        Statistics of the fitting:
  The initial sum of squares (ssvpot)                      1.049
  The residual sum of squares (chipot)                     0.016
  The std err of estimate (sqrt(chipot/N))               0.00187
  ESP relative RMS (SQRT(chipot/ssvpot))                 0.12187

 Dipole Moment (Debye)=   4.09998
