
Resp charges for organic molecule                                               

iqopt   irstrnt  ihfree     qwt
  2      1      1        0.001000

 rel.rms   dipole mom       Qxx      Qyy      Qzz
    0.06363   6.68835  12.82308  16.83300 -29.65608

          Point charges before & after optimization
    NO   At.No.    q0           q(opt)   IVARY  d(rstr)/dq 
     1     6  -0.153043      -0.153043  -99    0.005470
     2     6  -0.163524      -0.163524  -99    0.005217
     3     6  -0.090362      -0.090362  -99    0.007420
     4     6   0.060439       0.060439  -99    0.008558
     5     6  -0.010604      -0.010604  -99    0.009944
     6     6  -0.128631      -0.128631  -99    0.006138
     7     6   0.549586       0.549586  -99    0.001790
     8     8  -0.489029      -0.489029  -99    0.002003
     9     7  -0.366997      -0.366997  -99    0.002629
    10     6   0.167469       0.167469  -99    0.005127
    11     6  -0.284197      -0.284197  -99    0.003319
    12     6  -0.125293      -0.125293  -99    0.006238
    13     6  -0.250808      -0.250808  -99    0.003704
    14     6   0.293214       0.293214  -99    0.003228
    15     6  -0.209394      -0.209394  -99    0.004309
    16     9  -0.204501      -0.204501  -99    0.004393
    17    53  -0.315287      -0.315287  -99    0.003023
    18     1   0.160953       0.160953  -99    0.000000
    19     1   0.159179       0.159179  -99    0.000000
    20     1   0.164463       0.164463  -99    0.000000
    21     1   0.124596       0.124596  -99    0.000000
    22     1   0.268600       0.268600  -99    0.000000
    23     1   0.169410       0.169410  -99    0.000000
    24     1   0.164795       0.164795  -99    0.000000
    25     1   0.170761       0.170761  -99    0.000000
    26     1   0.180360       0.180360  -99    0.000000
    27     0   0.157842       0.157845    0    0.005352

        Statistics of the fitting:
  The initial sum of squares (ssvpot)                      1.024
  The residual sum of squares (chipot)                     0.004
  The std err of estimate (sqrt(chipot/N))               0.00097
  ESP relative RMS (SQRT(chipot/ssvpot))                 0.06363

 Dipole Moment (Debye)=   6.68835
