
Resp charges for organic molecule                                               

iqopt   irstrnt  ihfree     qwt
  0      1      1        0.000500

 rel.rms   dipole mom       Qxx      Qyy      Qzz
    0.09126   2.52065  -7.60178  21.45151 -13.84973

          Point charges before & after optimization
    NO   At.No.    q0           q(opt)   IVARY  d(rstr)/dq 
     1     6   0.000000      -0.215281    0    0.002106
     2     6   0.000000       0.174530    0    0.002486
     3     6   0.000000      -0.476874    0    0.001026
     4     6   0.000000       0.333287    0    0.001437
     5     6   0.000000      -0.081527    0    0.003875
     6     6   0.000000      -0.284533    0    0.001658
     7     6   0.000000       0.128462    0    0.003071
     8    17   0.000000      -0.300514    0    0.001579
     9     6   0.000000       0.362986    0    0.001328
    10     6   0.000000      -0.360126    0    0.001338
    11     6   0.000000      -0.359960    0    0.001338
    12     8   0.000000      -0.621103    0    0.000795
    13     1   0.000000       0.087321    0    0.000000
    14     1   0.000000       0.069193    0    0.000000
    15     1   0.000000       0.087335    0    0.000000
    16     1   0.000000       0.205977    0    0.000000
    17     1   0.000000       0.217650    0    0.000000
    18     1   0.000000       0.015310    0    0.000000
    19     1   0.000000       0.083921    0    0.000000
    20     1   0.000000       0.080235    0    0.000000
    21     1   0.000000       0.082667    0    0.000000
    22     1   0.000000       0.083924    0    0.000000
    23     1   0.000000       0.082601    0    0.000000
    24     1   0.000000       0.080186    0    0.000000
    25     1   0.000000       0.448676    0    0.000000
    26     0   0.000000       0.075660    0    0.003987

        Statistics of the fitting:
  The initial sum of squares (ssvpot)                      0.360
  The residual sum of squares (chipot)                     0.003
  The std err of estimate (sqrt(chipot/N))               0.00100
  ESP relative RMS (SQRT(chipot/ssvpot))                 0.09126

 Dipole Moment (Debye)=   2.52065
