
Resp charges for organic molecule                                               

iqopt   irstrnt  ihfree     qwt
  2      1      1        0.001000

 rel.rms   dipole mom       Qxx      Qyy      Qzz
    0.11370   4.27247   1.77579 -16.77887  15.00308

          Point charges before & after optimization
    NO   At.No.    q0           q(opt)   IVARY  d(rstr)/dq 
     1     6  -0.308842      -0.315493    0    0.003021
     2     6   0.171324       0.171324  -99    0.005041
     3     6  -0.308414      -0.308414  -99    0.003084
     4     6  -0.088504      -0.088504  -99    0.007488
     5     6   0.150248       0.150248  -99    0.005541
     6     6  -0.333006      -0.333006  -99    0.002876
     7     6   0.008224       0.008224  -99    0.009966
     8     7   0.724011       0.724011  -99    0.001368
     9     8  -0.446124      -0.446124  -99    0.002187
    10     8  -0.446124      -0.446124  -99    0.002187
    11     7  -0.251781      -0.251781  -99    0.003691
    12     6   0.498317       0.498317  -99    0.001968
    13     8  -0.540771      -0.540771  -99    0.001818
    14     6   0.066492       0.066492  -99    0.008327
    15     1   0.137014       0.137014  -99    0.000000
    16     6  -0.238909      -0.257169    0    0.003624
    17    35  -0.355861      -0.355861  -99    0.002705
    18     1   0.126666       0.112620    0    0.000000
    19     1   0.078723       0.112620   18    0.000000
    20     1   0.126219       0.112620   18    0.000000
    21     1   0.194074       0.194074  -99    0.000000
    22     1   0.183291       0.183291  -99    0.000000
    23     1   0.238859       0.238859  -99    0.000000
    24     1   0.206566       0.206566  -99    0.000000
    25     1   0.100928       0.105288    0    0.000000
    26     1   0.106737       0.105288   25    0.000000
    27     1   0.094278       0.105288   25    0.000000
    28     0   0.106367       0.111103    0    0.006690

        Statistics of the fitting:
  The initial sum of squares (ssvpot)                      0.635
  The residual sum of squares (chipot)                     0.008
  The std err of estimate (sqrt(chipot/N))               0.00145
  ESP relative RMS (SQRT(chipot/ssvpot))                 0.11370

 Dipole Moment (Debye)=   4.27247
