
Resp charges for organic molecule                                               

iqopt   irstrnt  ihfree     qwt
  2      1      1        0.001000

 rel.rms   dipole mom       Qxx      Qyy      Qzz
    0.10996   3.85023 -36.75858  31.73805   5.02053

          Point charges before & after optimization
    NO   At.No.    q0           q(opt)   IVARY  d(rstr)/dq 
     1     6  -0.213400      -0.213400  -99    0.004243
     2     6  -0.131715      -0.131715  -99    0.006047
     3     6   0.085252       0.085252  -99    0.007610
     4     6  -0.131715      -0.131715  -99    0.006047
     5     6  -0.213400      -0.213400  -99    0.004243
     6     6   0.218031       0.218031  -99    0.004169
     7     7  -0.553466      -0.553466  -99    0.001778
     8     6   0.891495       0.891495  -99    0.001115
     9     8  -0.543690      -0.543690  -99    0.001809
    10     6  -0.908920      -0.953401    0    0.001043
    11     6   0.362840       0.362840  -99    0.002657
    12     6  -0.098263      -0.118089    0    0.006462
    13     6   0.062992       0.119938    0    0.006404
    14     8  -0.417279      -0.417279  -99    0.002330
    15     6   0.034946       0.119938   13    0.006404
    16     6  -0.019585      -0.118089   12    0.006462
    17    53  -0.345059      -0.345059  -99    0.002784
    18     1   0.156212       0.156212  -99    0.000000
    19     1   0.183324       0.183324  -99    0.000000
    20     1   0.183324       0.183324  -99    0.000000
    21     1   0.156212       0.156212  -99    0.000000
    22     1   0.301720       0.301720  -99    0.000000
    23     1   0.235805       0.247975    0    0.000000
    24     1   0.222077       0.247975   23    0.000000
    25     1  -0.018278      -0.018278  -99    0.000000
    26     1   0.046204       0.047208    0    0.000000
    27     1   0.025181       0.047208   26    0.000000
    28     1   0.045191       0.037124    0    0.000000
    29     1   0.077408       0.037124   28    0.000000
    30     1   0.048823       0.037124   28    0.000000
    31     1   0.074277       0.037124   28    0.000000
    32     1   0.004031       0.047208   26    0.000000
    33     1   0.034392       0.047208   26    0.000000
    34     0   0.145033       0.146018    0    0.005650

        Statistics of the fitting:
  The initial sum of squares (ssvpot)                      0.803
  The residual sum of squares (chipot)                     0.010
  The std err of estimate (sqrt(chipot/N))               0.00140
  ESP relative RMS (SQRT(chipot/ssvpot))                 0.10996

 Dipole Moment (Debye)=   3.85023
