
Resp charges for organic molecule                                               

iqopt   irstrnt  ihfree     qwt
  2      1      1        0.001000

 rel.rms   dipole mom       Qxx      Qyy      Qzz
    0.12854   3.49834 -41.00710  18.82632  22.18078

          Point charges before & after optimization
    NO   At.No.    q0           q(opt)   IVARY  d(rstr)/dq 
     1     6  -0.211704      -0.205052    0    0.004383
     2     7  -0.107722      -0.107722  -99    0.006804
     3     6   0.408809       0.408809  -99    0.002376
     4     6  -0.308354      -0.308354  -99    0.003085
     5     6   0.510628       0.510628  -99    0.001922
     6     8  -0.487180      -0.487180  -99    0.002011
     7     7  -0.197713      -0.197713  -99    0.004513
     8     6   0.515558       0.515558  -99    0.001904
     9     8  -0.533937      -0.533937  -99    0.001841
    10     6  -0.115661      -0.046943    0    0.009052
    11     7   0.007828       0.007828  -99    0.009970
    12     6   0.212766       0.212766  -99    0.004254
    13     7  -0.583574      -0.583574  -99    0.001689
    14     6  -0.095424      -0.162700    0    0.005236
    15     6  -0.128820      -0.116987    0    0.006498
    16    17  -0.181553      -0.181553  -99    0.004825
    17     1   0.132032       0.113907    0    0.000000
    18     1   0.109109       0.113907   17    0.000000
    19     1   0.108680       0.113907   17    0.000000
    20     1   0.091464       0.069693    0    0.000000
    21     1   0.089139       0.069693   20    0.000000
    22     1   0.084002       0.069693   20    0.000000
    23     1   0.161418       0.161418  -99    0.000000
    24     1   0.095946       0.138407    0    0.000000
    25     1   0.136894       0.138407   24    0.000000
    26     1   0.149067       0.143548    0    0.000000
    27     1   0.138304       0.143548   26    0.000000

        Statistics of the fitting:
  The initial sum of squares (ssvpot)                      0.780
  The residual sum of squares (chipot)                     0.013
  The std err of estimate (sqrt(chipot/N))               0.00197
  ESP relative RMS (SQRT(chipot/ssvpot))                 0.12854

 Dipole Moment (Debye)=   3.49834
