
Resp charges for organic molecule                                               

iqopt   irstrnt  ihfree     qwt
  2      1      1        0.001000

 rel.rms   dipole mom       Qxx      Qyy      Qzz
    0.13454   4.30066  -3.07262  24.07264 -21.00002

          Point charges before & after optimization
    NO   At.No.    q0           q(opt)   IVARY  d(rstr)/dq 
     1     6  -0.250488      -0.250488  -99    0.003708
     2     6  -0.058488      -0.058488  -99    0.008632
     3     6  -0.048207      -0.048207  -99    0.009008
     4     6  -0.058488      -0.058488  -99    0.008632
     5     6  -0.250488      -0.250488  -99    0.003708
     6     6   0.318179       0.318179  -99    0.002998
     7     7  -0.663580      -0.663580  -99    0.001490
     8     6   1.019369       1.019369  -99    0.000976
     9     7  -0.726888      -0.726888  -99    0.001363
    10     6   0.579317       0.579317  -99    0.001701
    11     7  -0.868259      -0.868259  -99    0.001144
    12     6   1.228892       1.228892  -99    0.000811
    13     7  -0.957052      -0.957052  -99    0.001039
    14     7  -1.137628      -1.137628  -99    0.000876
    15    17  -0.125972      -0.125972  -99    0.006217
    16     1   0.152877       0.152877  -99    0.000000
    17     1   0.148954       0.148954  -99    0.000000
    18     1   0.148954       0.148954  -99    0.000000
    19     1   0.152877       0.152877  -99    0.000000
    20     1   0.365777       0.365777  -99    0.000000
    21     1   0.086020       0.086020  -99    0.000000
    22     1   0.472161       0.472161  -99    0.000000
    23     1   0.472161       0.472161  -99    0.000000

        Statistics of the fitting:
  The initial sum of squares (ssvpot)                      0.522
  The residual sum of squares (chipot)                     0.009
  The std err of estimate (sqrt(chipot/N))               0.00168
  ESP relative RMS (SQRT(chipot/ssvpot))                 0.13454

 Dipole Moment (Debye)=   4.30066
