
Resp charges for organic molecule                                               

iqopt   irstrnt  ihfree     qwt
  2      1      1        0.001000

 rel.rms   dipole mom       Qxx      Qyy      Qzz
    0.07570   6.44795  96.65368 -27.57995 -69.07374

          Point charges before & after optimization
    NO   At.No.    q0           q(opt)   IVARY  d(rstr)/dq 
     1     6  -0.037592      -0.037592  -99    0.009360
     2     6  -0.232129      -0.232129  -99    0.003956
     3     6   0.172420       0.172420  -99    0.005017
     4     7  -0.459877      -0.459877  -99    0.002125
     5     6   0.241533       0.241533  -99    0.003825
     6     6  -0.198352      -0.198352  -99    0.004502
     7     6   0.488867       0.488867  -99    0.002004
     8     8  -0.533683      -0.533683  -99    0.001842
     9     7  -0.054748      -0.054748  -99    0.008771
    10     7  -0.321682      -0.321682  -99    0.002969
    11     6   0.091789       0.091789  -99    0.007367
    12     6   0.188882       0.188882  -99    0.004679
    13     6  -0.400228      -0.400228  -99    0.002424
    14     6  -0.057595      -0.057595  -99    0.008666
    15     6   0.134919       0.134919  -99    0.005955
    16     8  -0.131343      -0.131343  -99    0.006058
    17    53  -0.281718      -0.281718  -99    0.003345
    18     1   0.147795       0.147795  -99    0.000000
    19     1   0.151167       0.151167  -99    0.000000
    20     1   0.100865       0.100865  -99    0.000000
    21     1   0.158952       0.158952  -99    0.000000
    22     1   0.159515       0.159515  -99    0.000000
    23     1   0.121417       0.121417  -99    0.000000
    24     1   0.215355       0.215355  -99    0.000000
    25     1   0.162642       0.162642  -99    0.000000
    26     0   0.172829       0.172829    0    0.005008

        Statistics of the fitting:
  The initial sum of squares (ssvpot)                      1.616
  The residual sum of squares (chipot)                     0.009
  The std err of estimate (sqrt(chipot/N))               0.00138
  ESP relative RMS (SQRT(chipot/ssvpot))                 0.07570

 Dipole Moment (Debye)=   6.44795
