
Resp charges for organic molecule                                               

iqopt   irstrnt  ihfree     qwt
  2      1      1        0.001000

 rel.rms   dipole mom       Qxx      Qyy      Qzz
    0.10743   5.89895  50.84917  -9.79992 -41.04925

          Point charges before & after optimization
    NO   At.No.    q0           q(opt)   IVARY  d(rstr)/dq 
     1     6  -0.172692      -0.172692  -99    0.005011
     2     6  -0.097941      -0.097941  -99    0.007144
     3     6  -0.081745      -0.081745  -99    0.007742
     4     8  -0.073449      -0.073449  -99    0.008060
     5     6  -0.122871      -0.122871  -99    0.006312
     6     6   0.597037       0.597037  -99    0.001652
     7     8  -0.534247      -0.534247  -99    0.001840
     8     7  -0.274963      -0.274963  -99    0.003418
     9     6   0.177447       0.177447  -99    0.004910
    10     6  -0.235031      -0.235031  -99    0.003915
    11     6  -0.144263      -0.144263  -99    0.005697
    12     6   0.129105       0.129105  -99    0.006124
    13     6  -0.144263      -0.144263  -99    0.005697
    14     6  -0.235031      -0.235031  -99    0.003915
    15    53  -0.357972      -0.357972  -99    0.002691
    16     1   0.171458       0.171458  -99    0.000000
    17     1   0.167611       0.167611  -99    0.000000
    18     1   0.202753       0.202753  -99    0.000000
    19     1   0.154654       0.154654  -99    0.000000
    20     1   0.183439       0.183439  -99    0.000000
    21     1   0.180252       0.180252  -99    0.000000
    22     1   0.180252       0.180252  -99    0.000000
    23     1   0.183439       0.183439  -99    0.000000
    24     0   0.147020       0.147021    0    0.005624

        Statistics of the fitting:
  The initial sum of squares (ssvpot)                      0.716
  The residual sum of squares (chipot)                     0.008
  The std err of estimate (sqrt(chipot/N))               0.00136
  ESP relative RMS (SQRT(chipot/ssvpot))                 0.10743

 Dipole Moment (Debye)=   5.89895
