
Resp charges for organic molecule                                               

iqopt   irstrnt  ihfree     qwt
  2      1      1        0.001000

 rel.rms   dipole mom       Qxx      Qyy      Qzz
    0.15653   1.56646 -11.02969   1.06494   9.96475

          Point charges before & after optimization
    NO   At.No.    q0           q(opt)   IVARY  d(rstr)/dq 
     1     6  -0.166662      -0.166662  -99    0.005145
     2     6  -0.115257      -0.115257  -99    0.006553
     3     6  -0.051094      -0.051094  -99    0.008905
     4     6  -0.021733      -0.021733  -99    0.009772
     5     6  -0.051094      -0.051094  -99    0.008905
     6     6  -0.115257      -0.115257  -99    0.006553
     7    17  -0.101365      -0.101365  -99    0.007023
     8     6   0.792027       0.792027  -99    0.001253
     9     7  -0.597911      -0.597911  -99    0.001650
    10     6  -0.080648      -0.080811    0    0.007778
    11     6   0.707957       0.707957  -99    0.001399
    12     7  -0.538278      -0.538278  -99    0.001827
    13     8  -0.396663      -0.396663  -99    0.002445
    14     8  -0.585043      -0.585043  -99    0.001685
    15     8  -0.543834      -0.543834  -99    0.001808
    16     1   0.139678       0.139678  -99    0.000000
    17     1   0.132624       0.132624  -99    0.000000
    18     1   0.132624       0.132624  -99    0.000000
    19     1   0.139678       0.139678  -99    0.000000
    20     1   0.293298       0.293298  -99    0.000000
    21     1   0.083391       0.099325    0    0.000000
    22     1   0.115095       0.099325   21    0.000000
    23     1   0.420730       0.420730  -99    0.000000
    24     1   0.407737       0.407737  -99    0.000000

        Statistics of the fitting:
  The initial sum of squares (ssvpot)                      0.676
  The residual sum of squares (chipot)                     0.017
  The std err of estimate (sqrt(chipot/N))               0.00222
  ESP relative RMS (SQRT(chipot/ssvpot))                 0.15653

 Dipole Moment (Debye)=   1.56646
