
Resp charges for organic molecule                                               

iqopt   irstrnt  ihfree     qwt
  2      1      1        0.001000

 rel.rms   dipole mom       Qxx      Qyy      Qzz
    0.15852   1.66795 -21.62049  23.84435  -2.22386

          Point charges before & after optimization
    NO   At.No.    q0           q(opt)   IVARY  d(rstr)/dq 
     1     6   0.420692       0.420692  -99    0.002313
     2     6  -0.320551      -0.320551  -99    0.002978
     3     6   0.670531       0.670531  -99    0.001475
     4     7  -0.822698      -0.822698  -99    0.001207
     5     6   1.061162       1.061162  -99    0.000938
     6     7  -0.795475      -0.795475  -99    0.001247
     7     7  -0.964995      -0.964995  -99    0.001031
     8     7  -0.229541      -0.229541  -99    0.003994
     9     6   0.025062      -0.092057    0    0.007357
    10     6   0.098539       0.116972    0    0.006498
    11     8  -0.418861      -0.418861  -99    0.002322
    12     6   0.079901       0.116972   10    0.006498
    13     6  -0.109525      -0.092057    9    0.007357
    14    35  -0.309955      -0.309955  -99    0.003070
    15     1   0.118172       0.118172  -99    0.000000
    16     1   0.403016       0.403016  -99    0.000000
    17     1   0.403016       0.403016  -99    0.000000
    18     1   0.067767       0.098022    0    0.000000
    19     1   0.036445       0.098022   18    0.000000
    20     1   0.051975       0.057417    0    0.000000
    21     1   0.075407       0.057417   20    0.000000
    22     1   0.048594       0.057417   20    0.000000
    23     1   0.084852       0.057417   20    0.000000
    24     1   0.116615       0.098022   18    0.000000
    25     1   0.090187       0.098022   18    0.000000
    26     0   0.119668       0.113898    0    0.006598

        Statistics of the fitting:
  The initial sum of squares (ssvpot)                      0.353
  The residual sum of squares (chipot)                     0.009
  The std err of estimate (sqrt(chipot/N))               0.00160
  ESP relative RMS (SQRT(chipot/ssvpot))                 0.15852

 Dipole Moment (Debye)=   1.66795
