
Resp charges for organic molecule                                               

iqopt   irstrnt  ihfree     qwt
  2      1      1        0.001000

 rel.rms   dipole mom       Qxx      Qyy      Qzz
    0.20217   3.02411  -8.79049  23.03169 -14.24120

          Point charges before & after optimization
    NO   At.No.    q0           q(opt)   IVARY  d(rstr)/dq 
     1     6  -0.348284      -0.366969    0    0.002629
     2     6   0.302478       0.302478  -99    0.003139
     3     6  -0.506055      -0.366969    1    0.002629
     4     6  -0.100060      -0.100060  -99    0.007069
     5     6   0.012819       0.012819  -99    0.009919
     6     6  -0.343149      -0.343149  -99    0.002798
     7     6   0.012819       0.012819  -99    0.009919
     8     6  -0.100060      -0.100060  -99    0.007069
     9     6   0.183138       0.183138  -99    0.004792
    10     8  -0.565681      -0.565681  -99    0.001741
    11     6   0.302478       0.302478  -99    0.003139
    12     6  -0.311461      -0.366969    1    0.002629
    13     6  -0.234236      -0.366969    1    0.002629
    14    53  -0.040702      -0.040702  -99    0.009262
    15     1   0.100532       0.092467    0    0.000000
    16     1   0.080717       0.092467   15    0.000000
    17     1   0.089466       0.092467   15    0.000000
    18     1   0.005202       0.005202  -99    0.000000
    19     1   0.116492       0.092467   15    0.000000
    20     1   0.137998       0.092467   15    0.000000
    21     1   0.135313       0.092467   15    0.000000
    22     1   0.136724       0.136724  -99    0.000000
    23     1   0.136724       0.136724  -99    0.000000
    24     1   0.410339       0.410339  -99    0.000000
    25     1   0.005202       0.005202  -99    0.000000
    26     1   0.078799       0.092467   15    0.000000
    27     1   0.063327       0.092467   15    0.000000
    28     1   0.071256       0.092467   15    0.000000
    29     1   0.068117       0.092467   15    0.000000
    30     1   0.045842       0.092467   15    0.000000
    31     1   0.053908       0.092467   15    0.000000

        Statistics of the fitting:
  The initial sum of squares (ssvpot)                      0.279
  The residual sum of squares (chipot)                     0.011
  The std err of estimate (sqrt(chipot/N))               0.00160
  ESP relative RMS (SQRT(chipot/ssvpot))                 0.20217

 Dipole Moment (Debye)=   3.02411
