
Resp charges for organic molecule                                               

iqopt   irstrnt  ihfree     qwt
  0      1      1        0.000500

 rel.rms   dipole mom       Qxx      Qyy      Qzz
    0.12455   1.42700  -9.26352   0.69358   8.56994

          Point charges before & after optimization
    NO   At.No.    q0           q(opt)   IVARY  d(rstr)/dq 
     1     6   0.000000      -0.183558    0    0.002392
     2     6   0.000000      -0.105264    0    0.003444
     3     6   0.000000      -0.191493    0    0.002314
     4     6   0.000000       0.275944    0    0.001704
     5     6   0.000000      -0.191493    3    0.002314
     6     6   0.000000      -0.105264    2    0.003444
     7    17   0.000000      -0.328627    0    0.001456
     8     6   0.000000       0.818398    0    0.000606
     9     7   0.000000      -0.614941    0    0.000803
    10     6   0.000000      -0.078102    0    0.003941
    11     6   0.000000       0.711184    0    0.000696
    12     7   0.000000      -0.538432    0    0.000913
    13     8   0.000000      -0.397288    0    0.001220
    14     8   0.000000      -0.592488    0    0.000832
    15     8   0.000000      -0.546008    0    0.000901
    16     1   0.000000       0.146291    0    0.000000
    17     1   0.000000       0.176217    0    0.000000
    18     1   0.000000       0.176217   17    0.000000
    19     1   0.000000       0.146291   16    0.000000
    20     1   0.000000       0.298887    0    0.000000
    21     1   0.000000       0.083488    0    0.000000
    22     1   0.000000       0.114068    0    0.000000
    23     1   0.000000       0.420237    0    0.000000
    24     1   0.000000       0.408080    0    0.000000
    25     0   0.000000       0.097656    0    0.003577

        Statistics of the fitting:
  The initial sum of squares (ssvpot)                      0.676
  The residual sum of squares (chipot)                     0.010
  The std err of estimate (sqrt(chipot/N))               0.00176
  ESP relative RMS (SQRT(chipot/ssvpot))                 0.12455

 Dipole Moment (Debye)=   1.42700
