
Resp charges for organic molecule                                               

iqopt   irstrnt  ihfree     qwt
  0      1      1        0.000500

 rel.rms   dipole mom       Qxx      Qyy      Qzz
    0.06711   6.17352  -6.31800  11.26258  -4.94457

          Point charges before & after optimization
    NO   At.No.    q0           q(opt)   IVARY  d(rstr)/dq 
     1     6   0.000000      -0.403770    0    0.001202
     2     6   0.000000       0.420737    0    0.001156
     3     6   0.000000      -0.431475    0    0.001129
     4     7   0.000000      -0.613809    0    0.000804
     5     7   0.000000      -0.388238    0    0.001247
     6     6   0.000000       0.775453    0    0.000639
     7     8   0.000000      -0.561432    0    0.000877
     8     6   0.000000      -0.222662    0    0.002048
     9     8   0.000000      -0.331855    0    0.001443
    10     6   0.000000       0.488072    0    0.001004
    11     6   0.000000      -0.361253    0    0.001334
    12     6   0.000000      -0.134739    0    0.002980
    13     6   0.000000       0.182361    0    0.002404
    14     6   0.000000      -0.134739   12    0.002980
    15     6   0.000000      -0.361253   11    0.001334
    16    17   0.000000      -0.328988    0    0.001454
    17     1   0.000000       0.092744    0    0.000000
    18     1   0.000000       0.093383    0    0.000000
    19     1   0.000000       0.147401    0    0.000000
    20     1   0.000000      -0.003832    0    0.000000
    21     1   0.000000       0.097070    0    0.000000
    22     1   0.000000       0.116777    0    0.000000
    23     1   0.000000       0.130413    0    0.000000
    24     1   0.000000       0.369951    0    0.000000
    25     1   0.000000       0.308753    0    0.000000
    26     1   0.000000       0.076576    0    0.000000
    27     1   0.000000       0.132741    0    0.000000
    28     1   0.000000       0.193321    0    0.000000
    29     1   0.000000       0.184342    0    0.000000
    30     1   0.000000       0.184342   29    0.000000
    31     1   0.000000       0.193321   28    0.000000
    32     0   0.000000       0.090286    0    0.003711

        Statistics of the fitting:
  The initial sum of squares (ssvpot)                      1.537
  The residual sum of squares (chipot)                     0.007
  The std err of estimate (sqrt(chipot/N))               0.00134
  ESP relative RMS (SQRT(chipot/ssvpot))                 0.06711

 Dipole Moment (Debye)=   6.17352
