
Resp charges for organic molecule                                               

iqopt   irstrnt  ihfree     qwt
  0      1      1        0.000500

 rel.rms   dipole mom       Qxx      Qyy      Qzz
    0.12480   2.59449  43.06290 -26.83029 -16.23261

          Point charges before & after optimization
    NO   At.No.    q0           q(opt)   IVARY  d(rstr)/dq 
     1     6   0.000000      -0.353376    0    0.001361
     2     6   0.000000       0.444176    0    0.001098
     3     6   0.000000      -0.064993    0    0.004192
     4     6   0.000000       0.339954    0    0.001411
     5     8   0.000000      -0.152766    0    0.002738
     6     7   0.000000      -0.424331    0    0.001147
     7     6   0.000000      -0.071669    0    0.004064
     8     6   0.000000      -0.132593    0    0.003011
     9     6   0.000000      -0.334938    0    0.001430
    10     6   0.000000       0.318343    0    0.001498
    11     6   0.000000       0.365273    0    0.001320
    12     6   0.000000      -0.366356    0    0.001317
    13     8   0.000000      -0.420195    0    0.001158
    14     6   0.000000       0.280869    0    0.001677
    15     8   0.000000      -0.406743    0    0.001194
    16    53   0.000000      -0.357461    0    0.001347
    17     1   0.000000       0.121578    0    0.000000
    18     1   0.000000       0.115721    0    0.000000
    19     1   0.000000       0.127385    0    0.000000
    20     1   0.000000       0.174207    0    0.000000
    21     1   0.000000       0.215906    0    0.000000
    22     1   0.000000       0.235455    0    0.000000
    23     1   0.000000       0.079073    0    0.000000
    24     1   0.000000       0.093060    0    0.000000
    25     0   0.000000       0.174423    0    0.002487

        Statistics of the fitting:
  The initial sum of squares (ssvpot)                      0.423
  The residual sum of squares (chipot)                     0.007
  The std err of estimate (sqrt(chipot/N))               0.00126
  ESP relative RMS (SQRT(chipot/ssvpot))                 0.12480

 Dipole Moment (Debye)=   2.59449
