
Resp charges for organic molecule                                               

iqopt   irstrnt  ihfree     qwt
  0      1      1        0.000500

 rel.rms   dipole mom       Qxx      Qyy      Qzz
    0.14081   1.68930 -20.96960  24.52417  -3.55457

          Point charges before & after optimization
    NO   At.No.    q0           q(opt)   IVARY  d(rstr)/dq 
     1     6   0.000000       0.420692    0    0.001156
     2     6   0.000000      -0.320551    0    0.001489
     3     6   0.000000       0.670531    0    0.000738
     4     7   0.000000      -0.822698    0    0.000603
     5     6   0.000000       1.061162    0    0.000469
     6     7   0.000000      -0.795475    0    0.000624
     7     7   0.000000      -0.964995    0    0.000515
     8     7   0.000000      -0.229541    0    0.001997
     9     6   0.000000       0.025062    0    0.004850
    10     6   0.000000       0.098539    0    0.003561
    11     8   0.000000      -0.418861    0    0.001161
    12     6   0.000000       0.079901    0    0.003906
    13     6   0.000000      -0.109525    0    0.003371
    14    35   0.000000      -0.309955    0    0.001535
    15     1   0.000000       0.118172    0    0.000000
    16     1   0.000000       0.403016    0    0.000000
    17     1   0.000000       0.403016   16    0.000000
    18     1   0.000000       0.067767    0    0.000000
    19     1   0.000000       0.036445    0    0.000000
    20     1   0.000000       0.051975    0    0.000000
    21     1   0.000000       0.075407    0    0.000000
    22     1   0.000000       0.048594    0    0.000000
    23     1   0.000000       0.084852    0    0.000000
    24     1   0.000000       0.116615    0    0.000000
    25     1   0.000000       0.090187    0    0.000000
    26     0   0.000000       0.119668    0    0.003206

        Statistics of the fitting:
  The initial sum of squares (ssvpot)                      0.353
  The residual sum of squares (chipot)                     0.007
  The std err of estimate (sqrt(chipot/N))               0.00142
  ESP relative RMS (SQRT(chipot/ssvpot))                 0.14081

 Dipole Moment (Debye)=   1.68930
