
Resp charges for organic molecule                                               

iqopt   irstrnt  ihfree     qwt
  2      1      1        0.001000

 rel.rms   dipole mom       Qxx      Qyy      Qzz
    0.12022   4.84256 -25.91791  15.91384  10.00407

          Point charges before & after optimization
    NO   At.No.    q0           q(opt)   IVARY  d(rstr)/dq 
     1     7  -0.296105      -0.296105  -99    0.003200
     2     7   0.420278       0.420278  -99    0.002315
     3     6   0.814350       0.814350  -99    0.001219
     4     7  -0.507639      -0.507639  -99    0.001933
     5     7  -0.060639      -0.060639  -99    0.008551
     6     7  -0.635236      -0.635236  -99    0.001555
     7     6   0.384713       0.384713  -99    0.002516
     8     6  -0.171042      -0.171042  -99    0.005047
     9     6   0.459573       0.459573  -99    0.002126
    10     6  -0.340446      -0.340446  -99    0.002818
    11     6   0.030628       0.030628  -99    0.009562
    12     6  -0.140157      -0.140157  -99    0.005808
    13     6  -0.110681      -0.110681  -99    0.006704
    14     8  -0.596756      -0.596756  -99    0.001653
    15    35  -0.068727      -0.068727  -99    0.008241
    16     7  -1.213311      -1.213311  -99    0.000821
    17     1   0.143145       0.143145  -99    0.000000
    18     1   0.202968       0.202968  -99    0.000000
    19     1   0.177050       0.177050  -99    0.000000
    20     1   0.067276       0.067276  -99    0.000000
    21     1   0.511463       0.511463  -99    0.000000
    22     1   0.511463       0.511463  -99    0.000000
    23     1   0.417833       0.417833  -99    0.000000

        Statistics of the fitting:
  The initial sum of squares (ssvpot)                      1.006
  The residual sum of squares (chipot)                     0.015
  The std err of estimate (sqrt(chipot/N))               0.00191
  ESP relative RMS (SQRT(chipot/ssvpot))                 0.12022

 Dipole Moment (Debye)=   4.84256
