
Resp charges for organic molecule                                               

iqopt   irstrnt  ihfree     qwt
  2      1      1        0.001000

 rel.rms   dipole mom       Qxx      Qyy      Qzz
    0.11693   6.53794  -6.11727  11.64333  -5.52607

          Point charges before & after optimization
    NO   At.No.    q0           q(opt)   IVARY  d(rstr)/dq 
     1     6  -0.406431      -0.541540    0    0.001816
     2     6   0.419300       0.419300  -99    0.002320
     3     6  -0.434628      -0.541540    1    0.001816
     4     7  -0.613883      -0.613883  -99    0.001608
     5     7  -0.390577      -0.390577  -99    0.002480
     6     6   0.778326       0.778326  -99    0.001274
     7     8  -0.561718      -0.561718  -99    0.001753
     8     6  -0.220773      -0.183555    0    0.004784
     9     8  -0.332350      -0.332350  -99    0.002881
    10     6   0.474573       0.474573  -99    0.002062
    11     6  -0.352129      -0.352129  -99    0.002732
    12     6  -0.027126      -0.027126  -99    0.009651
    13     6  -0.064747      -0.064747  -99    0.008394
    14     6  -0.027126      -0.027126  -99    0.009651
    15     6  -0.352129      -0.352129  -99    0.002732
    16    17  -0.124113      -0.124113  -99    0.006274
    17     1   0.093879       0.153483    0    0.000000
    18     1   0.094311       0.153483   17    0.000000
    19     1   0.148133       0.153483   17    0.000000
    20     1  -0.002745      -0.002745  -99    0.000000
    21     1   0.098050       0.153483   17    0.000000
    22     1   0.117852       0.153483   17    0.000000
    23     1   0.131671       0.153483   17    0.000000
    24     1   0.370455       0.370455  -99    0.000000
    25     1   0.309538       0.309538  -99    0.000000
    26     1   0.075908       0.087728    0    0.000000
    27     1   0.131744       0.087728   26    0.000000
    28     1   0.185558       0.185558  -99    0.000000
    29     1   0.147809       0.147809  -99    0.000000
    30     1   0.147809       0.147809  -99    0.000000
    31     1   0.185558       0.185558  -99    0.000000

        Statistics of the fitting:
  The initial sum of squares (ssvpot)                      1.537
  The residual sum of squares (chipot)                     0.021
  The std err of estimate (sqrt(chipot/N))               0.00234
  ESP relative RMS (SQRT(chipot/ssvpot))                 0.11693

 Dipole Moment (Debye)=   6.53794
