
Resp charges for organic molecule                                               

iqopt   irstrnt  ihfree     qwt
  2      1      1        0.001000

 rel.rms   dipole mom       Qxx      Qyy      Qzz
    0.09168   3.78212  19.57921  17.79518 -37.37439

          Point charges before & after optimization
    NO   At.No.    q0           q(opt)   IVARY  d(rstr)/dq 
     1     6  -0.306173      -0.277909    0    0.003386
     2     6   0.481299       0.481299  -99    0.002034
     3     6  -0.539053      -0.539053  -99    0.001824
     4     6   0.228207       0.228207  -99    0.004014
     5     7   0.028336       0.028336  -99    0.009621
     6     7  -0.515075      -0.515075  -99    0.001906
     7     6   0.649059       0.649059  -99    0.001523
     8     8  -0.530437      -0.530437  -99    0.001853
     9     6   0.139960       0.139960  -99    0.005813
    10     6   0.006759       0.006759  -99    0.009977
    11     6  -0.264983      -0.264983  -99    0.003531
    12     7   0.343646       0.343646  -99    0.002794
    13     7  -0.475119      -0.475119  -99    0.002060
    14     6  -0.281956      -0.255086    0    0.003650
    15    53  -0.282757      -0.282757  -99    0.003334
    16     6  -0.314564      -0.329276    0    0.002906
    17     1   0.089410       0.087506    0    0.000000
    18     1   0.108726       0.087506   17    0.000000
    19     1   0.089287       0.087506   17    0.000000
    20     1   0.226041       0.226041  -99    0.000000
    21     1   0.237707       0.237707  -99    0.000000
    22     1   0.136248       0.119772    0    0.000000
    23     1   0.106565       0.119772   22    0.000000
    24     1   0.141079       0.119772   22    0.000000
    25     1   0.124286       0.118587    0    0.000000
    26     1   0.105006       0.118587   25    0.000000
    27     1   0.115816       0.118587   25    0.000000
    28     0   0.152678       0.151088    0    0.005519

        Statistics of the fitting:
  The initial sum of squares (ssvpot)                      0.780
  The residual sum of squares (chipot)                     0.007
  The std err of estimate (sqrt(chipot/N))               0.00120
  ESP relative RMS (SQRT(chipot/ssvpot))                 0.09168

 Dipole Moment (Debye)=   3.78212
