
Resp charges for organic molecule                                               

iqopt   irstrnt  ihfree     qwt
  0      1      1        0.000500

 rel.rms   dipole mom       Qxx      Qyy      Qzz
    0.10728   4.54230 -69.73840  40.06105  29.67735

          Point charges before & after optimization
    NO   At.No.    q0           q(opt)   IVARY  d(rstr)/dq 
     1     6   0.000000      -0.225766    0    0.002025
     2     6   0.000000      -0.022798    0    0.004875
     3     6   0.000000      -0.029403    0    0.004797
     4     6   0.000000      -0.000529    0    0.005000
     5     6   0.000000       0.023058    0    0.004872
     6     6   0.000000      -0.091797    0    0.003683
     7    53   0.000000      -0.322607    0    0.001480
     8     6   0.000000      -0.058397    0    0.004318
     9     1   0.000000       0.165278    0    0.000000
    10     6   0.000000       0.037715    0    0.004678
    11     1   0.000000       0.091933    0    0.000000
    12     6   0.000000      -0.122888    0    0.003156
    13    16   0.000000      -0.146488    0    0.002819
    14     6   0.000000       0.673706    0    0.000734
    15     8   0.000000      -0.504741    0    0.000972
    16     1   0.000000       0.168491    0    0.000000
    17     1   0.000000       0.127089    0    0.000000
    18     1   0.000000       0.104231    0    0.000000
    19     1   0.000000       0.174811    0    0.000000
    20     1   0.000000       0.082543    0    0.000000
    21     1   0.000000       0.156984    0    0.000000
    22     7   0.000000      -0.488510    0    0.001003
    23     1   0.000000       0.298139    0    0.000000
    24     1   0.000000       0.319607    0    0.000000
    25     8   0.000000      -0.554640    0    0.000887
    26     0   0.000000       0.144979    0    0.002839

        Statistics of the fitting:
  The initial sum of squares (ssvpot)                      1.265
  The residual sum of squares (chipot)                     0.015
  The std err of estimate (sqrt(chipot/N))               0.00180
  ESP relative RMS (SQRT(chipot/ssvpot))                 0.10728

 Dipole Moment (Debye)=   4.54230
