
Resp charges for organic molecule                                               

iqopt   irstrnt  ihfree     qwt
  2      1      1        0.001000

 rel.rms   dipole mom       Qxx      Qyy      Qzz
    0.09087   5.07857 -52.51314  52.86368  -0.35054

          Point charges before & after optimization
    NO   At.No.    q0           q(opt)   IVARY  d(rstr)/dq 
     1     6  -0.119763      -0.106449    0    0.006847
     2     8  -0.214169      -0.214169  -99    0.004231
     3     6   0.303470       0.303470  -99    0.003130
     4     6  -0.378544      -0.378544  -99    0.002554
     5     6   0.486943       0.486943  -99    0.002012
     6     6  -0.281743      -0.281743  -99    0.003345
     7     6  -0.064796      -0.064796  -99    0.008392
     8     6  -0.169181      -0.169181  -99    0.005088
     9     6   0.458241       0.458241  -99    0.002132
    10     8  -0.509152      -0.509152  -99    0.001927
    11    35  -0.057139      -0.057139  -99    0.008683
    12     8  -0.298330      -0.298330  -99    0.003178
    13     6  -0.100555      -0.081628    0    0.007747
    14     1   0.119418       0.098431    0    0.000000
    15     1   0.094764       0.098431   14    0.000000
    16     1   0.094760       0.098431   14    0.000000
    17     1   0.148758       0.148758  -99    0.000000
    18     1   0.163474       0.163474  -99    0.000000
    19     1   0.017007       0.017007  -99    0.000000
    20     1   0.119163       0.095982    0    0.000000
    21     1   0.093690       0.095982   20    0.000000
    22     1   0.093686       0.095982   20    0.000000

        Statistics of the fitting:
  The initial sum of squares (ssvpot)                      1.032
  The residual sum of squares (chipot)                     0.009
  The std err of estimate (sqrt(chipot/N))               0.00155
  ESP relative RMS (SQRT(chipot/ssvpot))                 0.09087

 Dipole Moment (Debye)=   5.07857
