
Resp charges for organic molecule                                               

iqopt   irstrnt  ihfree     qwt
  2      1      1        0.001000

 rel.rms   dipole mom       Qxx      Qyy      Qzz
    0.06110   6.95107 -67.44015  13.91947  53.52068

          Point charges before & after optimization
    NO   At.No.    q0           q(opt)   IVARY  d(rstr)/dq 
     1     6  -0.218549      -0.218549  -99    0.004161
     2     6  -0.164825      -0.164825  -99    0.005187
     3     6   0.241754       0.241754  -99    0.003822
     4     6  -0.164825      -0.164825  -99    0.005187
     5     6  -0.218549      -0.218549  -99    0.004161
     6     6   0.040894       0.040894  -99    0.009256
     7     6   0.124366       0.124366  -99    0.006266
     8     1   0.067418       0.067418  -99    0.000000
     9     6  -0.318520      -0.344694    0    0.002786
    10     6   0.775647       0.775647  -99    0.001279
    11     8  -0.601461      -0.601461  -99    0.001640
    12     8  -0.581690      -0.581690  -99    0.001694
    13     6   0.054526       0.048282    0    0.009005
    14     7  -0.581320      -0.581320  -99    0.001695
    15    17  -0.335322      -0.335322  -99    0.002858
    16     1   0.148951       0.148951  -99    0.000000
    17     1   0.177906       0.177906  -99    0.000000
    18     1   0.177906       0.177906  -99    0.000000
    19     1   0.148951       0.148951  -99    0.000000
    20     1   0.098322       0.118280    0    0.000000
    21     1   0.108920       0.118280   20    0.000000
    22     1   0.057040       0.036525    0    0.000000
    23     1   0.011537       0.036525   22    0.000000
    24     1   0.280414       0.280414  -99    0.000000
    25     1   0.293811       0.293811  -99    0.000000
    26     1   0.280414       0.280414  -99    0.000000
    27     0   0.096287       0.094910    0    0.007253

        Statistics of the fitting:
  The initial sum of squares (ssvpot)                      1.799
  The residual sum of squares (chipot)                     0.007
  The std err of estimate (sqrt(chipot/N))               0.00144
  ESP relative RMS (SQRT(chipot/ssvpot))                 0.06110

 Dipole Moment (Debye)=   6.95107
