
Resp charges for organic molecule                                               

iqopt   irstrnt  ihfree     qwt
  2      1      1        0.001000

 rel.rms   dipole mom       Qxx      Qyy      Qzz
    0.10020   2.50931 -50.84057  50.82806   0.01251

          Point charges before & after optimization
    NO   At.No.    q0           q(opt)   IVARY  d(rstr)/dq 
     1     6  -0.395530      -0.383366    0    0.002524
     2     6   0.435799       0.435799  -99    0.002237
     3     6  -0.068957      -0.068957  -99    0.008232
     4     7  -0.433097      -0.433097  -99    0.002250
     5     1   0.361096       0.361096  -99    0.000000
     6     6   0.244435       0.244435  -99    0.003786
     7     7  -0.612209      -0.612209  -99    0.001612
     8     6   0.033828       0.033828  -99    0.009473
     9     6  -0.130618      -0.130618  -99    0.006079
    10     6  -0.223636      -0.223636  -99    0.004082
    11     6   0.273687       0.273687  -99    0.003432
    12     6  -0.223636      -0.223636  -99    0.004082
    13     6  -0.130618      -0.130618  -99    0.006079
    14    17  -0.334327      -0.334327  -99    0.002866
    15     1   0.128796       0.108908    0    0.000000
    16     1   0.095805       0.108908   15    0.000000
    17     1   0.112498       0.108908   15    0.000000
    18     1   0.129948       0.129948  -99    0.000000
    19     1   0.136035       0.136035  -99    0.000000
    20     1   0.185650       0.185650  -99    0.000000
    21     1   0.185650       0.185650  -99    0.000000
    22     1   0.136035       0.136035  -99    0.000000
    23     0   0.093367       0.091575    0    0.007375

        Statistics of the fitting:
  The initial sum of squares (ssvpot)                      0.683
  The residual sum of squares (chipot)                     0.007
  The std err of estimate (sqrt(chipot/N))               0.00151
  ESP relative RMS (SQRT(chipot/ssvpot))                 0.10020

 Dipole Moment (Debye)=   2.50931
