
Resp charges for organic molecule                                               

iqopt   irstrnt  ihfree     qwt
  0      1      1        0.000500

 rel.rms   dipole mom       Qxx      Qyy      Qzz
    0.12141   3.00050  13.06297   9.10641 -22.16939

          Point charges before & after optimization
    NO   At.No.    q0           q(opt)   IVARY  d(rstr)/dq 
     1     6   0.000000      -0.097823    0    0.003574
     2     6   0.000000      -0.248136    0    0.001869
     3     6   0.000000      -0.100018    0    0.003535
     4     6   0.000000       0.086192    0    0.003788
     5     6   0.000000       0.182593    0    0.002402
     6     6   0.000000      -0.259607    0    0.001797
     7     8   0.000000      -0.162998    0    0.002615
     8     6   0.000000       0.147651    0    0.002804
     9     6   0.000000       0.020484    0    0.004898
    10     6   0.000000      -0.126191    0    0.003105
    11     6   0.000000       0.056587    0    0.004352
    12     6   0.000000      -0.106308    0    0.003426
    13    53   0.000000      -0.382075    0    0.001266
    14     1   0.000000       0.153425    0    0.000000
    15     1   0.000000       0.162319    0    0.000000
    16     1   0.000000       0.171519    0    0.000000
    17     1   0.000000       0.146326    0    0.000000
    18     1   0.000000       0.025000    0    0.000000
    19     1   0.000000       0.021374    0    0.000000
    20     1   0.000000       0.003543    0    0.000000
    21     1   0.000000       0.034695    0    0.000000
    22     1   0.000000       0.039748    0    0.000000
    23     1   0.000000       0.004453    0    0.000000
    24     1   0.000000       0.002317    0    0.000000
    25     1   0.000000       0.047351    0    0.000000
    26     1   0.000000       0.021309    0    0.000000
    27     0   0.000000       0.156269    0    0.002695

        Statistics of the fitting:
  The initial sum of squares (ssvpot)                      0.264
  The residual sum of squares (chipot)                     0.004
  The std err of estimate (sqrt(chipot/N))               0.00099
  ESP relative RMS (SQRT(chipot/ssvpot))                 0.12141

 Dipole Moment (Debye)=   3.00050
