
Resp charges for organic molecule                                               

iqopt   irstrnt  ihfree     qwt
  2      1      1        0.001000

 rel.rms   dipole mom       Qxx      Qyy      Qzz
    0.13017   2.52334 -52.23455  51.16597   1.06858

          Point charges before & after optimization
    NO   At.No.    q0           q(opt)   IVARY  d(rstr)/dq 
     1     6  -0.392042      -0.385868    0    0.002509
     2     6   0.441318       0.441318  -99    0.002210
     3     6  -0.086890      -0.086890  -99    0.007549
     4     7  -0.423575      -0.423575  -99    0.002298
     5     1   0.357839       0.357839  -99    0.000000
     6     6   0.244679       0.244679  -99    0.003783
     7     7  -0.614108      -0.614108  -99    0.001607
     8     6   0.049159       0.049159  -99    0.008974
     9     6  -0.144023      -0.144023  -99    0.005703
    10     6  -0.085253      -0.085253  -99    0.007610
    11     6  -0.013618      -0.013618  -99    0.009909
    12     6  -0.085253      -0.085253  -99    0.007610
    13     6  -0.144023      -0.144023  -99    0.005703
    14    17  -0.116789      -0.116789  -99    0.006504
    15     1   0.128183       0.109263    0    0.000000
    16     1   0.093355       0.109263   15    0.000000
    17     1   0.112424       0.109263   15    0.000000
    18     1   0.129858       0.129858  -99    0.000000
    19     1   0.131206       0.131206  -99    0.000000
    20     1   0.143173       0.143173  -99    0.000000
    21     1   0.143173       0.143173  -99    0.000000
    22     1   0.131206       0.131206  -99    0.000000

        Statistics of the fitting:
  The initial sum of squares (ssvpot)                      0.683
  The residual sum of squares (chipot)                     0.012
  The std err of estimate (sqrt(chipot/N))               0.00196
  ESP relative RMS (SQRT(chipot/ssvpot))                 0.13017

 Dipole Moment (Debye)=   2.52334
