
Resp charges for organic molecule                                               

iqopt   irstrnt  ihfree     qwt
  2      1      1        0.001000

 rel.rms   dipole mom       Qxx      Qyy      Qzz
    0.12451   6.19992  26.49392  10.66949 -37.16341

          Point charges before & after optimization
    NO   At.No.    q0           q(opt)   IVARY  d(rstr)/dq 
     1     6  -0.157801      -0.157801  -99    0.005353
     2     6  -0.141670      -0.141670  -99    0.005767
     3     6   0.127367       0.127367  -99    0.006175
     4     6  -0.141670      -0.141670  -99    0.005767
     5     6  -0.157801      -0.157801  -99    0.005353
     6     6   0.078338       0.078338  -99    0.007872
     7     6   0.210446       0.210446  -99    0.004292
     8     6  -0.576613      -0.576613  -99    0.001709
     9     7   0.470952       0.470952  -99    0.002077
    10     6  -0.347254      -0.347254  -99    0.002767
    11     6  -0.298695      -0.298695  -99    0.003175
    12    16   0.024138       0.024138  -99    0.009721
    13     6   0.125077       0.125077  -99    0.006245
    14     7  -0.388636      -0.388636  -99    0.002492
    15    35  -0.335917      -0.335917  -99    0.002853
    16     1   0.129527       0.129527  -99    0.000000
    17     1   0.171382       0.171382  -99    0.000000
    18     1   0.171382       0.171382  -99    0.000000
    19     1   0.129527       0.129527  -99    0.000000
    20     1   0.263631       0.263631  -99    0.000000
    21     1   0.251626       0.251626  -99    0.000000
    22     1   0.275187       0.275187  -99    0.000000
    23     0   0.117477       0.117477    0    0.006482

        Statistics of the fitting:
  The initial sum of squares (ssvpot)                      0.820
  The residual sum of squares (chipot)                     0.013
  The std err of estimate (sqrt(chipot/N))               0.00180
  ESP relative RMS (SQRT(chipot/ssvpot))                 0.12451

 Dipole Moment (Debye)=   6.19992
