
Resp charges for organic molecule                                               

iqopt   irstrnt  ihfree     qwt
  2      1      1        0.001000

 rel.rms   dipole mom       Qxx      Qyy      Qzz
    0.09666   2.54577  -8.29599  22.61688 -14.32088

          Point charges before & after optimization
    NO   At.No.    q0           q(opt)   IVARY  d(rstr)/dq 
     1     6  -0.215281      -0.223330    0    0.004087
     2     6   0.174530       0.174530  -99    0.004971
     3     6  -0.476874      -0.476874  -99    0.002052
     4     6   0.333287       0.333287  -99    0.002874
     5     6  -0.081527      -0.081527  -99    0.007751
     6     6  -0.284533      -0.284533  -99    0.003316
     7     6   0.128462       0.128462  -99    0.006143
     8    17  -0.300514      -0.300514  -99    0.003157
     9     6   0.362986       0.362986  -99    0.002656
    10     6  -0.360126      -0.349509    0    0.002751
    11     6  -0.359960      -0.349509   10    0.002751
    12     8  -0.621103      -0.621103  -99    0.001590
    13     1   0.087321       0.082963    0    0.000000
    14     1   0.069193       0.082963   13    0.000000
    15     1   0.087335       0.082963   13    0.000000
    16     1   0.205977       0.205977  -99    0.000000
    17     1   0.217650       0.217650  -99    0.000000
    18     1   0.015310       0.015310  -99    0.000000
    19     1   0.083921       0.078758    0    0.000000
    20     1   0.080235       0.078758   19    0.000000
    21     1   0.082667       0.078758   19    0.000000
    22     1   0.083924       0.078758   19    0.000000
    23     1   0.082601       0.078758   19    0.000000
    24     1   0.080186       0.078758   19    0.000000
    25     1   0.448676       0.448676  -99    0.000000
    26     0   0.075660       0.078585    0    0.007863

        Statistics of the fitting:
  The initial sum of squares (ssvpot)                      0.360
  The residual sum of squares (chipot)                     0.003
  The std err of estimate (sqrt(chipot/N))               0.00105
  ESP relative RMS (SQRT(chipot/ssvpot))                 0.09666

 Dipole Moment (Debye)=   2.54577
