
Resp charges for organic molecule                                               

iqopt   irstrnt  ihfree     qwt
  2      1      1        0.001000

 rel.rms   dipole mom       Qxx      Qyy      Qzz
    0.06715   5.28273 -37.80046  -9.51798  47.31845

          Point charges before & after optimization
    NO   At.No.    q0           q(opt)   IVARY  d(rstr)/dq 
     1     6  -0.170219      -0.101598    0    0.007015
     2     6   0.165452       0.165452  -99    0.005173
     3     6   0.036785       0.036785  -99    0.009385
     4     6   0.551269       0.551269  -99    0.001785
     5     8  -0.544208      -0.544208  -99    0.001807
     6     7  -0.499616      -0.499616  -99    0.001963
     7     1   0.355024       0.355024  -99    0.000000
     8     6   0.663939       0.663939  -99    0.001489
     9     8  -0.572369      -0.572369  -99    0.001721
    10     7  -0.468204      -0.468204  -99    0.002089
    11     1   0.349025       0.349025  -99    0.000000
    12     7  -0.398181      -0.398181  -99    0.002436
    13     6  -0.084338      -0.102340    0    0.006988
    14     6   0.163120       0.172032    0    0.005025
    15     9  -0.277871      -0.277871  -99    0.003386
    16     6   0.046632      -0.032268    0    0.009517
    17     6   0.063297       0.091361    0    0.007383
    18    17  -0.382936      -0.382936  -99    0.002527
    19     1   0.083900       0.061471    0    0.000000
    20     1   0.094468       0.061471   19    0.000000
    21     1   0.055905       0.061471   19    0.000000
    22     1   0.112543       0.125580    0    0.000000
    23     1   0.115737       0.125580   22    0.000000
    24     1   0.058069       0.045666    0    0.000000
    25     1   0.044558       0.045666   24    0.000000
    26     1   0.081939       0.102630    0    0.000000
    27     1   0.079504       0.102630   26    0.000000
    28     1   0.103583       0.090329    0    0.000000
    29     1   0.092658       0.090329   28    0.000000
    30     0   0.080533       0.081881    0    0.007737

        Statistics of the fitting:
  The initial sum of squares (ssvpot)                      1.403
  The residual sum of squares (chipot)                     0.006
  The std err of estimate (sqrt(chipot/N))               0.00136
  ESP relative RMS (SQRT(chipot/ssvpot))                 0.06715

 Dipole Moment (Debye)=   5.28273
