
Resp charges for organic molecule                                               

iqopt   irstrnt  ihfree     qwt
  2      1      1        0.001000

 rel.rms   dipole mom       Qxx      Qyy      Qzz
    0.07820   8.31793  22.66684  -1.80806 -20.85878

          Point charges before & after optimization
    NO   At.No.    q0           q(opt)   IVARY  d(rstr)/dq 
     1     6  -0.180952      -0.222570    0    0.004098
     2     6   0.064904       0.064904  -99    0.008388
     3     6  -0.114958      -0.114958  -99    0.006563
     4     6   0.734528       0.734528  -99    0.001349
     5     8  -0.541076      -0.541076  -99    0.001817
     6     8  -0.393708      -0.393708  -99    0.002462
     7     6   0.453232       0.453232  -99    0.002155
     8     6  -0.131960      -0.131960  -99    0.006040
     9     6  -0.082927      -0.082927  -99    0.007698
    10     6  -0.404960      -0.404960  -99    0.002397
    11     6   0.565968       0.565968  -99    0.001740
    12     6  -0.490713      -0.490713  -99    0.001997
    13    53   0.034562       0.034562  -99    0.009451
    14     8  -0.306507      -0.306507  -99    0.003102
    15     6  -0.082607      -0.060160    0    0.008569
    16     6  -0.308409      -0.275166    0    0.003416
    17     1   0.075709       0.088103    0    0.000000
    18     1   0.075691       0.088103   17    0.000000
    19     1   0.084867       0.088103   17    0.000000
    20     1   0.167581       0.167581  -99    0.000000
    21     1   0.180783       0.180783  -99    0.000000
    22     1   0.085006       0.086525    0    0.000000
    23     1   0.109206       0.086525   22    0.000000
    24     1   0.085011       0.086525   22    0.000000
    25     1   0.102107       0.099754    0    0.000000
    26     1   0.117537       0.099754   25    0.000000
    27     1   0.102084       0.099754   25    0.000000

        Statistics of the fitting:
  The initial sum of squares (ssvpot)                      1.282
  The residual sum of squares (chipot)                     0.008
  The std err of estimate (sqrt(chipot/N))               0.00136
  ESP relative RMS (SQRT(chipot/ssvpot))                 0.07820

 Dipole Moment (Debye)=   8.31793
