
Resp charges for organic molecule                                               

iqopt   irstrnt  ihfree     qwt
  2      1      1        0.001000

 rel.rms   dipole mom       Qxx      Qyy      Qzz
    0.07484   4.13247   8.31469  -7.54464  -0.77005

          Point charges before & after optimization
    NO   At.No.    q0           q(opt)   IVARY  d(rstr)/dq 
     1     6  -0.290772      -0.194212    0    0.004578
     2     6   0.081959       0.098095    0    0.007139
     3     6   0.131783       0.131783  -99    0.006045
     4     6   0.063535       0.098095    2    0.007139
     5     6  -0.209916      -0.194212    1    0.004578
     6     6   0.529777       0.529777  -99    0.001855
     7     8  -0.503881      -0.503881  -99    0.001947
     8     7  -0.444066      -0.444066  -99    0.002197
     9     6   0.813630       0.813630  -99    0.001220
    10     8  -0.544114      -0.544114  -99    0.001808
    11     7  -0.953016      -0.953016  -99    0.001044
    12    35  -0.452420      -0.452420  -99    0.002158
    13     1   0.076428       0.057441    0    0.000000
    14     1   0.104257       0.057441   13    0.000000
    15     1   0.082693       0.057441   13    0.000000
    16     1   0.042761       0.018455    0    0.000000
    17     1   0.018274       0.018455   16    0.000000
    18     1   0.028926       0.018455   16    0.000000
    19     1   0.039885       0.018455   16    0.000000
    20     1   0.060936       0.057441   13    0.000000
    21     1   0.075230       0.057441   13    0.000000
    22     1   0.053295       0.057441   13    0.000000
    23     1   0.269436       0.269436  -99    0.000000
    24     1   0.404440       0.404440  -99    0.000000
    25     1   0.404440       0.404440  -99    0.000000
    26     0   0.116500       0.117763    0    0.006473

        Statistics of the fitting:
  The initial sum of squares (ssvpot)                      1.116
  The residual sum of squares (chipot)                     0.006
  The std err of estimate (sqrt(chipot/N))               0.00138
  ESP relative RMS (SQRT(chipot/ssvpot))                 0.07484

 Dipole Moment (Debye)=   4.13247
