
Resp charges for organic molecule                                               

iqopt   irstrnt  ihfree     qwt
  0      1      1        0.000500

 rel.rms   dipole mom       Qxx      Qyy      Qzz
    0.10866   2.34201  28.90058  -6.71233 -22.18824

          Point charges before & after optimization
    NO   At.No.    q0           q(opt)   IVARY  d(rstr)/dq 
     1     6   0.000000      -0.408051    0    0.001190
     2     6   0.000000       0.496166    0    0.000988
     3     6   0.000000      -0.463769    0    0.001054
     4     7   0.000000      -0.663795    0    0.000745
     5     6   0.000000      -0.002308    0    0.004999
     6     6   0.000000       0.256557    0    0.001816
     7     1   0.000000       0.047031    0    0.000000
     8     6   0.000000       0.097238    0    0.003585
     9     6   0.000000      -0.182035    0    0.002407
    10     6   0.000000      -0.158712    0    0.002665
    11     6   0.000000      -0.172049    0    0.002513
    12     6   0.000000      -0.150835    0    0.002763
    13     6   0.000000       0.089609    0    0.003724
    14    17   0.000000      -0.297110    0    0.001595
    15     8   0.000000      -0.646430    0    0.000764
    16     1   0.000000       0.118966    0    0.000000
    17     1   0.000000       0.083778    0    0.000000
    18     1   0.000000       0.115061    0    0.000000
    19     1   0.000000      -0.023275    0    0.000000
    20     1   0.000000       0.112231    0    0.000000
    21     1   0.000000       0.103654    0    0.000000
    22     1   0.000000       0.121917    0    0.000000
    23     1   0.000000       0.054747    0    0.000000
    24     1   0.000000       0.043192    0    0.000000
    25     1   0.000000       0.176933    0    0.000000
    26     1   0.000000       0.152611    0    0.000000
    27     1   0.000000       0.156724    0    0.000000
    28     1   0.000000       0.168967    0    0.000000
    29     1   0.000000       0.381564    0    0.000000
    30     1   0.000000       0.314330    0    0.000000
    31     0   0.000000       0.077097    0    0.003960

        Statistics of the fitting:
  The initial sum of squares (ssvpot)                      0.422
  The residual sum of squares (chipot)                     0.005
  The std err of estimate (sqrt(chipot/N))               0.00121
  ESP relative RMS (SQRT(chipot/ssvpot))                 0.10866

 Dipole Moment (Debye)=   2.34201
