
Resp charges for organic molecule                                               

iqopt   irstrnt  ihfree     qwt
  0      1      1        0.000500

 rel.rms   dipole mom       Qxx      Qyy      Qzz
    0.14080   3.10475  35.13547 -10.49912 -24.63634

          Point charges before & after optimization
    NO   At.No.    q0           q(opt)   IVARY  d(rstr)/dq 
     1     6   0.000000      -0.657249    0    0.000752
     2     6   0.000000       0.470989    0    0.001038
     3     7   0.000000      -0.818342    0    0.000606
     4     6   0.000000       1.245367    0    0.000400
     5     7   0.000000      -0.818342    3    0.000606
     6     6   0.000000       0.470989    2    0.001038
     7     7   0.000000      -0.883671    0    0.000562
     8     6   0.000000       0.678301    0    0.000729
     9     7   0.000000      -0.483975    0    0.001012
    10     6   0.000000      -0.052969    0    0.004419
    11     6   0.000000      -0.174793    0    0.002483
    12     1   0.000000       0.196487    0    0.000000
    13    16   0.000000      -0.193824    0    0.002293
    14     6   0.000000      -0.014595    0    0.004948
    15    53   0.000000      -0.360305    0    0.001337
    16     1   0.000000       0.214026    0    0.000000
    17     1   0.000000       0.091525    0    0.000000
    18     1   0.000000       0.091525   17    0.000000
    19     1   0.000000       0.405390    0    0.000000
    20     1   0.000000       0.103596    0    0.000000
    21     1   0.000000       0.109316    0    0.000000
    22     1   0.000000       0.131669    0    0.000000
    23     1   0.000000       0.125207    0    0.000000
    24     0   0.000000       0.123679    0    0.003144

        Statistics of the fitting:
  The initial sum of squares (ssvpot)                      0.567
  The residual sum of squares (chipot)                     0.011
  The std err of estimate (sqrt(chipot/N))               0.00160
  ESP relative RMS (SQRT(chipot/ssvpot))                 0.14080

 Dipole Moment (Debye)=   3.10475
