
Resp charges for organic molecule                                               

iqopt   irstrnt  ihfree     qwt
  0      1      1        0.000500

 rel.rms   dipole mom       Qxx      Qyy      Qzz
    0.08801   6.23345  77.36010 -17.38703 -59.97307

          Point charges before & after optimization
    NO   At.No.    q0           q(opt)   IVARY  d(rstr)/dq 
     1     6   0.000000      -0.289965    0    0.001630
     2     6   0.000000       0.136919    0    0.002949
     3     6   0.000000      -0.326694    0    0.001463
     4    16   0.000000      -0.036054    0    0.004704
     5     6   0.000000      -0.116649    0    0.003254
     6     6   0.000000       0.683451    0    0.000724
     7     8   0.000000      -0.555134    0    0.000886
     8     7   0.000000      -0.164940    0    0.002592
     9     7   0.000000      -0.308830    0    0.001540
    10     6   0.000000       0.082991    0    0.003848
    11     6   0.000000       0.223494    0    0.002042
    12     6   0.000000      -0.422662    0    0.001151
    13     6   0.000000      -0.044545    0    0.004567
    14     6   0.000000       0.111448    0    0.003339
    15     8   0.000000      -0.129026    0    0.003063
    16    53   0.000000      -0.270468    0    0.001734
    17     1   0.000000       0.182009    0    0.000000
    18     1   0.000000       0.123357    0    0.000000
    19     1   0.000000       0.211009    0    0.000000
    20     1   0.000000       0.245058    0    0.000000
    21     1   0.000000       0.110228    0    0.000000
    22     1   0.000000       0.222141    0    0.000000
    23     1   0.000000       0.162499    0    0.000000
    24     0   0.000000       0.170363    0    0.002531

        Statistics of the fitting:
  The initial sum of squares (ssvpot)                      1.630
  The residual sum of squares (chipot)                     0.013
  The std err of estimate (sqrt(chipot/N))               0.00161
  ESP relative RMS (SQRT(chipot/ssvpot))                 0.08801

 Dipole Moment (Debye)=   6.23345
