
Resp charges for organic molecule                                               

iqopt   irstrnt  ihfree     qwt
  0      1      1        0.000500

 rel.rms   dipole mom       Qxx      Qyy      Qzz
    0.08911   4.11004   4.05895 -19.50190  15.44295

          Point charges before & after optimization
    NO   At.No.    q0           q(opt)   IVARY  d(rstr)/dq 
     1     6   0.000000      -0.299595    0    0.001583
     2     6   0.000000       0.171711    0    0.002516
     3     6   0.000000      -0.317689    0    0.001501
     4     6   0.000000      -0.079289    0    0.003918
     5     6   0.000000       0.132095    0    0.003018
     6     6   0.000000      -0.324124    0    0.001474
     7     6   0.000000       0.007137    0    0.004987
     8     7   0.000000       0.723872    0    0.000684
     9     8   0.000000      -0.446346    0    0.001093
    10     8   0.000000      -0.446346    9    0.001093
    11     7   0.000000      -0.231505    0    0.001983
    12     6   0.000000       0.483989    0    0.001012
    13     8   0.000000      -0.538098    0    0.000914
    14     6   0.000000       0.071773    0    0.004062
    15     1   0.000000       0.137012    0    0.000000
    16     6   0.000000      -0.239218    0    0.001928
    17    35   0.000000      -0.359893    0    0.001339
    18     1   0.000000       0.124226    0    0.000000
    19     1   0.000000       0.076173    0    0.000000
    20     1   0.000000       0.124284    0    0.000000
    21     1   0.000000       0.197204    0    0.000000
    22     1   0.000000       0.182384    0    0.000000
    23     1   0.000000       0.236532    0    0.000000
    24     1   0.000000       0.204112    0    0.000000
    25     1   0.000000       0.094487    0    0.000000
    26     1   0.000000       0.106866    0    0.000000
    27     1   0.000000       0.100597    0    0.000000
    28     0   0.000000       0.107650    0    0.003403

        Statistics of the fitting:
  The initial sum of squares (ssvpot)                      0.639
  The residual sum of squares (chipot)                     0.005
  The std err of estimate (sqrt(chipot/N))               0.00114
  ESP relative RMS (SQRT(chipot/ssvpot))                 0.08911

 Dipole Moment (Debye)=   4.11004
