
Resp charges for organic molecule                                               

iqopt   irstrnt  ihfree     qwt
  2      1      1        0.001000

 rel.rms   dipole mom       Qxx      Qyy      Qzz
    0.11361   3.51046 -39.02358  17.78039  21.24320

          Point charges before & after optimization
    NO   At.No.    q0           q(opt)   IVARY  d(rstr)/dq 
     1     6  -0.210245      -0.206083    0    0.004365
     2     7  -0.110579      -0.110579  -99    0.006707
     3     6   0.422335       0.422335  -99    0.002304
     4     6  -0.321586      -0.321586  -99    0.002969
     5     6   0.501676       0.501676  -99    0.001955
     6     8  -0.485300      -0.485300  -99    0.002018
     7     7  -0.186008      -0.186008  -99    0.004735
     8     6   0.512782       0.512782  -99    0.001914
     9     8  -0.533875      -0.533875  -99    0.001841
    10     6  -0.119371      -0.040845    0    0.009258
    11     7  -0.013717      -0.013717  -99    0.009907
    12     6   0.229598       0.229598  -99    0.003993
    13     7  -0.588538      -0.588538  -99    0.001675
    14     6  -0.163828      -0.238966    0    0.003860
    15     6   0.128504       0.113423    0    0.006613
    16    17  -0.350938      -0.350938  -99    0.002740
    17     1   0.132092       0.114067    0    0.000000
    18     1   0.110130       0.114067   17    0.000000
    19     1   0.106304       0.114067   17    0.000000
    20     1   0.092259       0.067452    0    0.000000
    21     1   0.088327       0.067452   20    0.000000
    22     1   0.085357       0.067452   20    0.000000
    23     1   0.155667       0.155667  -99    0.000000
    24     1   0.110814       0.160867    0    0.000000
    25     1   0.155586       0.160867   24    0.000000
    26     1   0.096368       0.098480    0    0.000000
    27     1   0.081064       0.098480   26    0.000000
    28     0   0.075124       0.077701    0    0.007897

        Statistics of the fitting:
  The initial sum of squares (ssvpot)                      0.780
  The residual sum of squares (chipot)                     0.010
  The std err of estimate (sqrt(chipot/N))               0.00174
  ESP relative RMS (SQRT(chipot/ssvpot))                 0.11361

 Dipole Moment (Debye)=   3.51046
