
Resp charges for organic molecule                                               

iqopt   irstrnt  ihfree     qwt
  2      1      1        0.001000

 rel.rms   dipole mom       Qxx      Qyy      Qzz
    0.13598   4.80484 -76.66043  44.39147  32.26896

          Point charges before & after optimization
    NO   At.No.    q0           q(opt)   IVARY  d(rstr)/dq 
     1     6  -0.189569      -0.189569  -99    0.004666
     2     6  -0.051394      -0.051394  -99    0.008894
     3     6   0.037150       0.037150  -99    0.009374
     4     6   0.119614       0.119614  -99    0.006414
     5     6  -0.309519      -0.309519  -99    0.003074
     6     6   0.019101       0.019101  -99    0.009822
     7    53  -0.017345      -0.017345  -99    0.009853
     8     6  -0.117185      -0.117185  -99    0.006491
     9     1   0.185493       0.185493  -99    0.000000
    10     6   0.050302       0.050302  -99    0.008933
    11     1   0.088759       0.088759  -99    0.000000
    12     6  -0.116399      -0.114396    0    0.006581
    13    16  -0.145259      -0.145259  -99    0.005670
    14     6   0.673856       0.673856  -99    0.001468
    15     8  -0.503603      -0.503603  -99    0.001948
    16     1   0.153400       0.153400  -99    0.000000
    17     1   0.128044       0.128044  -99    0.000000
    18     1   0.054383       0.054383  -99    0.000000
    19     1   0.137297       0.137297  -99    0.000000
    20     1   0.080882       0.116786    0    0.000000
    21     1   0.154693       0.116786   20    0.000000
    22     7  -0.496961      -0.496961  -99    0.001973
    23     1   0.297926       0.297926  -99    0.000000
    24     1   0.322346       0.322346  -99    0.000000
    25     8  -0.556013      -0.556013  -99    0.001770

        Statistics of the fitting:
  The initial sum of squares (ssvpot)                      1.265
  The residual sum of squares (chipot)                     0.023
  The std err of estimate (sqrt(chipot/N))               0.00228
  ESP relative RMS (SQRT(chipot/ssvpot))                 0.13598

 Dipole Moment (Debye)=   4.80484
