
Resp charges for organic molecule                                               

iqopt   irstrnt  ihfree     qwt
  2      1      1        0.001000

 rel.rms   dipole mom       Qxx      Qyy      Qzz
    0.13285   4.30845   3.87198 -20.30718  16.43520

          Point charges before & after optimization
    NO   At.No.    q0           q(opt)   IVARY  d(rstr)/dq 
     1     6  -0.291478      -0.295509    0    0.003205
     2     6   0.162240       0.162240  -99    0.005247
     3     6  -0.313927      -0.313927  -99    0.003035
     4     6  -0.087986      -0.087986  -99    0.007508
     5     6   0.175187       0.175187  -99    0.004957
     6     6  -0.339440      -0.339440  -99    0.002826
     7     6   0.014163       0.014163  -99    0.009901
     8     7   0.720246       0.720246  -99    0.001375
     9     8  -0.444712      -0.444712  -99    0.002194
    10     8  -0.444712      -0.444712  -99    0.002194
    11     7  -0.311102      -0.311102  -99    0.003060
    12     6   0.554956       0.554956  -99    0.001773
    13     8  -0.534122      -0.534122  -99    0.001840
    14     6  -0.120629      -0.120629  -99    0.006382
    15     1   0.153537       0.153537  -99    0.000000
    16     6  -0.094451      -0.085133    0    0.007614
    17    35  -0.148652      -0.148652  -99    0.005582
    18     1   0.121969       0.107666    0    0.000000
    19     1   0.073837       0.107666   18    0.000000
    20     1   0.123026       0.107666   18    0.000000
    21     1   0.198991       0.198991  -99    0.000000
    22     1   0.176997       0.176997  -99    0.000000
    23     1   0.239816       0.239816  -99    0.000000
    24     1   0.215492       0.215492  -99    0.000000
    25     1   0.078283       0.063767    0    0.000000
    26     1   0.062115       0.063767   25    0.000000
    27     1   0.060355       0.063767   25    0.000000

        Statistics of the fitting:
  The initial sum of squares (ssvpot)                      0.639
  The residual sum of squares (chipot)                     0.011
  The std err of estimate (sqrt(chipot/N))               0.00170
  ESP relative RMS (SQRT(chipot/ssvpot))                 0.13285

 Dipole Moment (Debye)=   4.30845
