
Resp charges for organic molecule                                               

iqopt   irstrnt  ihfree     qwt
  0      1      1        0.000500

 rel.rms   dipole mom       Qxx      Qyy      Qzz
    0.06617   6.88146  19.97615   0.51909 -20.49525

          Point charges before & after optimization
    NO   At.No.    q0           q(opt)   IVARY  d(rstr)/dq 
     1     6   0.000000      -0.219764    0    0.002071
     2     7   0.000000      -0.088355    0    0.003747
     3     6   0.000000      -0.288272    0    0.001639
     4     6   0.000000       0.477151    0    0.001026
     5     8   0.000000      -0.589891    0    0.000836
     6     6   0.000000      -0.091163    0    0.003695
     7     6   0.000000       0.246060    0    0.001882
     8     7   0.000000      -0.774498    0    0.000640
     9     6   0.000000       0.465553    0    0.001050
    10     6   0.000000      -0.339356    0    0.001413
    11     6   0.000000      -0.095481    0    0.003616
    12     6   0.000000       0.081838    0    0.003869
    13     6   0.000000      -0.095481   11    0.003616
    14     6   0.000000      -0.339356   10    0.001413
    15    35   0.000000      -0.343004    0    0.001399
    16     1   0.000000       0.087631    0    0.000000
    17     1   0.000000       0.087871    0    0.000000
    18     1   0.000000       0.140529    0    0.000000
    19     1   0.000000       0.112564    0    0.000000
    20     1   0.000000       0.121054    0    0.000000
    21     1   0.000000       0.101637    0    0.000000
    22     1   0.000000       0.053915    0    0.000000
    23     1   0.000000       0.061557    0    0.000000
    24     1   0.000000       0.014048    0    0.000000
    25     1   0.000000       0.071874    0    0.000000
    26     1   0.000000       0.350800    0    0.000000
    27     1   0.000000       0.161649    0    0.000000
    28     1   0.000000       0.176495    0    0.000000
    29     1   0.000000       0.176495   28    0.000000
    30     1   0.000000       0.161649   27    0.000000
    31     0   0.000000       0.114251    0    0.003293

        Statistics of the fitting:
  The initial sum of squares (ssvpot)                      0.984
  The residual sum of squares (chipot)                     0.004
  The std err of estimate (sqrt(chipot/N))               0.00101
  ESP relative RMS (SQRT(chipot/ssvpot))                 0.06617

 Dipole Moment (Debye)=   6.88146
