
Resp charges for organic molecule                                               

iqopt   irstrnt  ihfree     qwt
  0      1      1        0.000500

 rel.rms   dipole mom       Qxx      Qyy      Qzz
    0.08496   2.54594 -13.24268  29.80611 -16.56343

          Point charges before & after optimization
    NO   At.No.    q0           q(opt)   IVARY  d(rstr)/dq 
     1     6   0.000000      -0.243206    0    0.001901
     2     6   0.000000       0.229043    0    0.002001
     3     6   0.000000      -0.470373    0    0.001040
     4     6   0.000000       0.323908    0    0.001475
     5     6   0.000000      -0.068754    0    0.004120
     6     6   0.000000      -0.241851    0    0.001911
     7     6   0.000000       0.020692    0    0.004896
     8    35   0.000000      -0.288562    0    0.001637
     9     6   0.000000       0.364140    0    0.001324
    10     6   0.000000      -0.369893    0    0.001305
    11     6   0.000000      -0.350005    0    0.001374
    12     8   0.000000      -0.621370    0    0.000794
    13     1   0.000000       0.092812    0    0.000000
    14     1   0.000000       0.075315    0    0.000000
    15     1   0.000000       0.092571    0    0.000000
    16     1   0.000000       0.198435    0    0.000000
    17     1   0.000000       0.208837    0    0.000000
    18     1   0.000000       0.012093    0    0.000000
    19     1   0.000000       0.082240    0    0.000000
    20     1   0.000000       0.082692    0    0.000000
    21     1   0.000000       0.086871    0    0.000000
    22     1   0.000000       0.078194    0    0.000000
    23     1   0.000000       0.083191    0    0.000000
    24     1   0.000000       0.078977    0    0.000000
    25     1   0.000000       0.451777    0    0.000000
    26     0   0.000000       0.092225    0    0.003676

        Statistics of the fitting:
  The initial sum of squares (ssvpot)                      0.323
  The residual sum of squares (chipot)                     0.002
  The std err of estimate (sqrt(chipot/N))               0.00081
  ESP relative RMS (SQRT(chipot/ssvpot))                 0.08496

 Dipole Moment (Debye)=   2.54594
