
Resp charges for organic molecule                                               

iqopt   irstrnt  ihfree     qwt
  0      1      1        0.000500

 rel.rms   dipole mom       Qxx      Qyy      Qzz
    0.14164   3.10173  34.89950 -10.33457 -24.56494

          Point charges before & after optimization
    NO   At.No.    q0           q(opt)   IVARY  d(rstr)/dq 
     1     6   0.000000      -0.659289    0    0.000750
     2     6   0.000000       0.478284    0    0.001023
     3     7   0.000000      -0.818700    0    0.000606
     4     6   0.000000       1.237615    0    0.000403
     5     7   0.000000      -0.818700    3    0.000606
     6     6   0.000000       0.478284    2    0.001023
     7     7   0.000000      -0.891396    0    0.000557
     8     6   0.000000       0.681662    0    0.000726
     9     7   0.000000      -0.475289    0    0.001029
    10     6   0.000000      -0.061510    0    0.004259
    11     6   0.000000      -0.193738    0    0.002293
    12     1   0.000000       0.205718    0    0.000000
    13    16   0.000000      -0.189715    0    0.002331
    14     6   0.000000      -0.029326    0    0.004798
    15    53   0.000000      -0.356668    0    0.001350
    16     1   0.000000       0.212934    0    0.000000
    17     1   0.000000       0.088417    0    0.000000
    18     1   0.000000       0.088417   17    0.000000
    19     1   0.000000       0.411951    0    0.000000
    20     1   0.000000       0.112425    0    0.000000
    21     1   0.000000       0.106457    0    0.000000
    22     1   0.000000       0.133414    0    0.000000
    23     1   0.000000       0.135688    0    0.000000
    24     0   0.000000       0.123065    0    0.003153

        Statistics of the fitting:
  The initial sum of squares (ssvpot)                      0.555
  The residual sum of squares (chipot)                     0.011
  The std err of estimate (sqrt(chipot/N))               0.00159
  ESP relative RMS (SQRT(chipot/ssvpot))                 0.14164

 Dipole Moment (Debye)=   3.10173
