
Resp charges for organic molecule                                               

iqopt   irstrnt  ihfree     qwt
  0      1      1        0.000500

 rel.rms   dipole mom       Qxx      Qyy      Qzz
    0.06280   5.30301 -37.78469  -9.68452  47.46922

          Point charges before & after optimization
    NO   At.No.    q0           q(opt)   IVARY  d(rstr)/dq 
     1     6   0.000000      -0.170219    0    0.002533
     2     6   0.000000       0.165452    0    0.002586
     3     6   0.000000       0.036785    0    0.004693
     4     6   0.000000       0.551269    0    0.000892
     5     8   0.000000      -0.544208    0    0.000904
     6     7   0.000000      -0.499616    0    0.000981
     7     1   0.000000       0.355024    0    0.000000
     8     6   0.000000       0.663939    0    0.000745
     9     8   0.000000      -0.572369    0    0.000861
    10     7   0.000000      -0.468204    0    0.001044
    11     1   0.000000       0.349025    0    0.000000
    12     7   0.000000      -0.398181    0    0.001218
    13     6   0.000000      -0.084338    0    0.003822
    14     6   0.000000       0.163120    0    0.002613
    15     9   0.000000      -0.277871    0    0.001693
    16     6   0.000000       0.046632    0    0.004532
    17     6   0.000000       0.063297    0    0.004225
    18    17   0.000000      -0.382936    0    0.001263
    19     1   0.000000       0.083900    0    0.000000
    20     1   0.000000       0.094468    0    0.000000
    21     1   0.000000       0.055905    0    0.000000
    22     1   0.000000       0.112543    0    0.000000
    23     1   0.000000       0.115737    0    0.000000
    24     1   0.000000       0.058069    0    0.000000
    25     1   0.000000       0.044558    0    0.000000
    26     1   0.000000       0.081939    0    0.000000
    27     1   0.000000       0.079504    0    0.000000
    28     1   0.000000       0.103583    0    0.000000
    29     1   0.000000       0.092658    0    0.000000
    30     0   0.000000       0.080533    0    0.003894

        Statistics of the fitting:
  The initial sum of squares (ssvpot)                      1.403
  The residual sum of squares (chipot)                     0.006
  The std err of estimate (sqrt(chipot/N))               0.00127
  ESP relative RMS (SQRT(chipot/ssvpot))                 0.06280

 Dipole Moment (Debye)=   5.30301
