
Resp charges for organic molecule                                               

iqopt   irstrnt  ihfree     qwt
  0      1      1        0.000500

 rel.rms   dipole mom       Qxx      Qyy      Qzz
    0.09080   6.56050  67.35509 -16.70448 -50.65061

          Point charges before & after optimization
    NO   At.No.    q0           q(opt)   IVARY  d(rstr)/dq 
     1     6   0.000000      -0.287035    0    0.001645
     2     6   0.000000       0.145275    0    0.002835
     3     6   0.000000      -0.338787    0    0.001415
     4    16   0.000000      -0.035832    0    0.004707
     5     6   0.000000      -0.118525    0    0.003224
     6     6   0.000000       0.692191    0    0.000715
     7     8   0.000000      -0.556440    0    0.000884
     8     7   0.000000      -0.167441    0    0.002564
     9     7   0.000000      -0.310852    0    0.001531
    10     6   0.000000       0.086057    0    0.003790
    11     6   0.000000       0.206052    0    0.002183
    12     6   0.000000      -0.374674    0    0.001289
    13     6   0.000000      -0.147862    0    0.002801
    14     6   0.000000       0.250450    0    0.001854
    15     8   0.000000      -0.155363    0    0.002706
    16    35   0.000000      -0.299223    0    0.001585
    17     1   0.000000       0.180403    0    0.000000
    18     1   0.000000       0.120754    0    0.000000
    19     1   0.000000       0.211360    0    0.000000
    20     1   0.000000       0.250269    0    0.000000
    21     1   0.000000       0.105597    0    0.000000
    22     1   0.000000       0.218256    0    0.000000
    23     1   0.000000       0.177254    0    0.000000
    24     0   0.000000       0.148116    0    0.002798

        Statistics of the fitting:
  The initial sum of squares (ssvpot)                      1.635
  The residual sum of squares (chipot)                     0.013
  The std err of estimate (sqrt(chipot/N))               0.00178
  ESP relative RMS (SQRT(chipot/ssvpot))                 0.09080

 Dipole Moment (Debye)=   6.56050
