
Resp charges for organic molecule                                               

iqopt   irstrnt  ihfree     qwt
  2      1      1        0.001000

 rel.rms   dipole mom       Qxx      Qyy      Qzz
    0.10969   4.14416 -86.33795  65.07477  21.26317

          Point charges before & after optimization
    NO   At.No.    q0           q(opt)   IVARY  d(rstr)/dq 
     1     6  -0.231377      -0.231377  -99    0.003967
     2     6  -0.123987      -0.123987  -99    0.006278
     3     6   0.084836       0.084836  -99    0.007626
     4     6  -0.041634      -0.041634  -99    0.009232
     5     6  -0.006826      -0.006826  -99    0.009977
     6     6  -0.057076      -0.057076  -99    0.008685
     7    53  -0.306741      -0.306741  -99    0.003100
     8     6   0.071048       0.071048  -99    0.008152
     9     1   0.152197       0.152197  -99    0.000000
    10     6  -0.104401      -0.104401  -99    0.006917
    11     1   0.146592       0.146592  -99    0.000000
    12     6   0.072152       0.070595    0    0.008169
    13    16  -0.239535      -0.239535  -99    0.003853
    14     6   0.748815       0.748815  -99    0.001324
    15     8  -0.579561      -0.579561  -99    0.001700
    16     1   0.173646       0.173646  -99    0.000000
    17     1   0.142949       0.142949  -99    0.000000
    18     1   0.121922       0.121922  -99    0.000000
    19     1   0.168436       0.168436  -99    0.000000
    20     1   0.067063       0.069243    0    0.000000
    21     1   0.070052       0.069243   20    0.000000
    22     7  -0.783102      -0.783102  -99    0.001267
    23     1   0.432839       0.432839  -99    0.000000
    24     1   0.422009       0.422009  -99    0.000000
    25     8  -0.543066      -0.543066  -99    0.001811
    26     0   0.142750       0.142936    0    0.005733

        Statistics of the fitting:
  The initial sum of squares (ssvpot)                      1.049
  The residual sum of squares (chipot)                     0.013
  The std err of estimate (sqrt(chipot/N))               0.00168
  ESP relative RMS (SQRT(chipot/ssvpot))                 0.10969

 Dipole Moment (Debye)=   4.14416
