
Resp charges for organic molecule                                               

iqopt   irstrnt  ihfree     qwt
  2      1      1        0.001000

 rel.rms   dipole mom       Qxx      Qyy      Qzz
    0.12528   4.09792 -88.22225  64.83225  23.39000

          Point charges before & after optimization
    NO   At.No.    q0           q(opt)   IVARY  d(rstr)/dq 
     1     6  -0.169566      -0.169566  -99    0.005080
     2     6  -0.177962      -0.177962  -99    0.004899
     3     6   0.159234       0.159234  -99    0.005318
     4     6   0.058670       0.058670  -99    0.008625
     5     6  -0.312134      -0.312134  -99    0.003051
     6     6   0.031626       0.031626  -99    0.009535
     7    53  -0.010005      -0.010005  -99    0.009950
     8     6   0.022926       0.022926  -99    0.009747
     9     1   0.160483       0.160483  -99    0.000000
    10     6  -0.062380      -0.062380  -99    0.008485
    11     1   0.129817       0.129817  -99    0.000000
    12     6   0.084296       0.083139    0    0.007689
    13    16  -0.242015      -0.242015  -99    0.003819
    14     6   0.739203       0.739203  -99    0.001341
    15     8  -0.575966      -0.575966  -99    0.001711
    16     1   0.153920       0.153920  -99    0.000000
    17     1   0.148324       0.148324  -99    0.000000
    18     1   0.081700       0.081700  -99    0.000000
    19     1   0.133076       0.133076  -99    0.000000
    20     1   0.065195       0.062834    0    0.000000
    21     1   0.059318       0.062834   20    0.000000
    22     7  -0.778278      -0.778278  -99    0.001274
    23     1   0.416546       0.416546  -99    0.000000
    24     1   0.427006       0.427006  -99    0.000000
    25     8  -0.543032      -0.543032  -99    0.001811

        Statistics of the fitting:
  The initial sum of squares (ssvpot)                      1.051
  The residual sum of squares (chipot)                     0.016
  The std err of estimate (sqrt(chipot/N))               0.00192
  ESP relative RMS (SQRT(chipot/ssvpot))                 0.12528

 Dipole Moment (Debye)=   4.09792
