
Resp charges for organic molecule                                               

iqopt   irstrnt  ihfree     qwt
  0      1      1        0.000500

 rel.rms   dipole mom       Qxx      Qyy      Qzz
    0.12214   2.13998  -9.53744  31.15593 -21.61850

          Point charges before & after optimization
    NO   At.No.    q0           q(opt)   IVARY  d(rstr)/dq 
     1     7   0.000000      -0.549528    0    0.000895
     2     6   0.000000       0.260380    0    0.001793
     3     7   0.000000       0.305847    0    0.001554
     4     6   0.000000      -0.454081    0    0.001075
     5     6   0.000000       0.102957    0    0.003484
     6     6   0.000000      -0.457509    0    0.001068
     7     6   0.000000       0.400519    0    0.001211
     8     7   0.000000      -0.465783    0    0.001050
     9     6   0.000000       0.358001    0    0.001345
    10     7   0.000000      -0.432253    0    0.001127
    11     6   0.000000       0.166200    0    0.002578
    12     6   0.000000      -0.202440    0    0.002214
    13    35   0.000000      -0.370282    0    0.001304
    14     1   0.000000       0.063297    0    0.000000
    15     1   0.000000       0.062150    0    0.000000
    16     1   0.000000       0.063298    0    0.000000
    17     1   0.000000       0.032928    0    0.000000
    18     1   0.000000       0.032905    0    0.000000
    19     1   0.000000       0.285437    0    0.000000
    20     1   0.000000       0.152069    0    0.000000
    21     1   0.000000       0.251034    0    0.000000
    22     1   0.000000       0.255811    0    0.000000
    23     0   0.000000       0.139041    0    0.002919

        Statistics of the fitting:
  The initial sum of squares (ssvpot)                      0.402
  The residual sum of squares (chipot)                     0.006
  The std err of estimate (sqrt(chipot/N))               0.00128
  ESP relative RMS (SQRT(chipot/ssvpot))                 0.12214

 Dipole Moment (Debye)=   2.13998
