
Resp charges for organic molecule                                               

iqopt   irstrnt  ihfree     qwt
  2      1      1        0.001000

 rel.rms   dipole mom       Qxx      Qyy      Qzz
    0.09765   1.42167 -55.48640  35.31044  20.17596

          Point charges before & after optimization
    NO   At.No.    q0           q(opt)   IVARY  d(rstr)/dq 
     1     6  -0.272155      -0.272155  -99    0.003449
     2     6  -0.105990      -0.105990  -99    0.006863
     3     6   0.064535       0.064535  -99    0.008402
     4     6  -0.105990      -0.105990  -99    0.006863
     5     6  -0.272155      -0.272155  -99    0.003449
     6     6   0.371768       0.371768  -99    0.002598
     7     8  -0.431529      -0.431529  -99    0.002258
     8     6   0.903783       0.903783  -99    0.001100
     9     6  -0.874057      -0.874057  -99    0.001137
    10     6   0.862042       0.862042  -99    0.001152
    11     7  -0.806028      -0.806028  -99    0.001231
    12     6   1.000130       1.000130  -99    0.000995
    13     7  -0.812764      -0.812764  -99    0.001221
    14     7  -0.953899      -0.953899  -99    0.001043
    15     9  -0.229993      -0.229993  -99    0.003987
    16    53  -0.327354      -0.327354  -99    0.002922
    17     1   0.189042       0.189042  -99    0.000000
    18     1   0.178470       0.178470  -99    0.000000
    19     1   0.178470       0.178470  -99    0.000000
    20     1   0.189042       0.189042  -99    0.000000
    21     1   0.278371       0.278371  -99    0.000000
    22     1   0.416756       0.416756  -99    0.000000
    23     1   0.416756       0.416756  -99    0.000000
    24     0   0.142749       0.142749    0    0.005738

        Statistics of the fitting:
  The initial sum of squares (ssvpot)                      0.398
  The residual sum of squares (chipot)                     0.004
  The std err of estimate (sqrt(chipot/N))               0.00092
  ESP relative RMS (SQRT(chipot/ssvpot))                 0.09765

 Dipole Moment (Debye)=   1.42167
