
Resp charges for organic molecule                                               

iqopt   irstrnt  ihfree     qwt
  0      1      1        0.000500

 rel.rms   dipole mom       Qxx      Qyy      Qzz
    0.09766   3.90419 -36.66101  31.37083   5.29018

          Point charges before & after optimization
    NO   At.No.    q0           q(opt)   IVARY  d(rstr)/dq 
     1     6   0.000000      -0.213400    0    0.002122
     2     6   0.000000      -0.131715    0    0.003023
     3     6   0.000000       0.085252    0    0.003805
     4     6   0.000000      -0.131715    2    0.003023
     5     6   0.000000      -0.213400    1    0.002122
     6     6   0.000000       0.218031    0    0.002085
     7     7   0.000000      -0.553466    0    0.000889
     8     6   0.000000       0.891495    0    0.000557
     9     8   0.000000      -0.543690    0    0.000904
    10     6   0.000000      -0.908920    0    0.000547
    11     6   0.000000       0.362840    0    0.001328
    12     6   0.000000      -0.098263    0    0.003566
    13     6   0.000000       0.062992    0    0.004231
    14     8   0.000000      -0.417279    0    0.001165
    15     6   0.000000       0.034946    0    0.004720
    16     6   0.000000      -0.019585    0    0.004907
    17    53   0.000000      -0.345059    0    0.001392
    18     1   0.000000       0.156212    0    0.000000
    19     1   0.000000       0.183324    0    0.000000
    20     1   0.000000       0.183324   19    0.000000
    21     1   0.000000       0.156212   18    0.000000
    22     1   0.000000       0.301720    0    0.000000
    23     1   0.000000       0.235805    0    0.000000
    24     1   0.000000       0.222077    0    0.000000
    25     1   0.000000      -0.018278    0    0.000000
    26     1   0.000000       0.046204    0    0.000000
    27     1   0.000000       0.025181    0    0.000000
    28     1   0.000000       0.045191    0    0.000000
    29     1   0.000000       0.077408    0    0.000000
    30     1   0.000000       0.048823    0    0.000000
    31     1   0.000000       0.074277    0    0.000000
    32     1   0.000000       0.004031    0    0.000000
    33     1   0.000000       0.034392    0    0.000000
    34     0   0.000000       0.145033    0    0.002838

        Statistics of the fitting:
  The initial sum of squares (ssvpot)                      0.803
  The residual sum of squares (chipot)                     0.008
  The std err of estimate (sqrt(chipot/N))               0.00124
  ESP relative RMS (SQRT(chipot/ssvpot))                 0.09766

 Dipole Moment (Debye)=   3.90419
