
Resp charges for organic molecule                                               

iqopt   irstrnt  ihfree     qwt
  2      1      1        0.001000

 rel.rms   dipole mom       Qxx      Qyy      Qzz
    0.12682   4.82308 -73.89654  43.52558  30.37096

          Point charges before & after optimization
    NO   At.No.    q0           q(opt)   IVARY  d(rstr)/dq 
     1     6  -0.225766      -0.225766  -99    0.004050
     2     6  -0.022798      -0.022798  -99    0.009750
     3     6  -0.029403      -0.029403  -99    0.009594
     4     6  -0.000529      -0.000529  -99    0.010000
     5     6   0.023058       0.023058  -99    0.009744
     6     6  -0.091797      -0.091797  -99    0.007367
     7    53  -0.322607      -0.322607  -99    0.002961
     8     6  -0.058397      -0.058397  -99    0.008635
     9     1   0.165278       0.165278  -99    0.000000
    10     6   0.037715       0.037715  -99    0.009357
    11     1   0.091933       0.091933  -99    0.000000
    12     6  -0.122888      -0.113901    0    0.006598
    13    16  -0.146488      -0.146488  -99    0.005638
    14     6   0.673706       0.673706  -99    0.001468
    15     8  -0.504741      -0.504741  -99    0.001943
    16     1   0.168491       0.168491  -99    0.000000
    17     1   0.127089       0.127089  -99    0.000000
    18     1   0.104231       0.104231  -99    0.000000
    19     1   0.174811       0.174811  -99    0.000000
    20     1   0.082543       0.116116    0    0.000000
    21     1   0.156984       0.116116   20    0.000000
    22     7  -0.488510      -0.488510  -99    0.002005
    23     1   0.298139       0.298139  -99    0.000000
    24     1   0.319607       0.319607  -99    0.000000
    25     8  -0.554640      -0.554640  -99    0.001774
    26     0   0.144979       0.143286    0    0.005723

        Statistics of the fitting:
  The initial sum of squares (ssvpot)                      1.265
  The residual sum of squares (chipot)                     0.020
  The std err of estimate (sqrt(chipot/N))               0.00213
  ESP relative RMS (SQRT(chipot/ssvpot))                 0.12682

 Dipole Moment (Debye)=   4.82308
