
Resp charges for organic molecule                                               

iqopt   irstrnt  ihfree     qwt
  2      1      1        0.001000

 rel.rms   dipole mom       Qxx      Qyy      Qzz
    0.08801   6.23344  77.36010 -17.38701 -59.97308

          Point charges before & after optimization
    NO   At.No.    q0           q(opt)   IVARY  d(rstr)/dq 
     1     6  -0.289965      -0.289965  -99    0.003260
     2     6   0.136919       0.136919  -99    0.005898
     3     6  -0.326694      -0.326694  -99    0.002927
     4    16  -0.036054      -0.036054  -99    0.009407
     5     6  -0.116649      -0.116649  -99    0.006508
     6     6   0.683451       0.683451  -99    0.001448
     7     8  -0.555134      -0.555134  -99    0.001773
     8     7  -0.164940      -0.164940  -99    0.005184
     9     7  -0.308830      -0.308830  -99    0.003081
    10     6   0.082991       0.082991  -99    0.007695
    11     6   0.223494       0.223494  -99    0.004084
    12     6  -0.422662      -0.422662  -99    0.002302
    13     6  -0.044545      -0.044545  -99    0.009135
    14     6   0.111448       0.111448  -99    0.006678
    15     8  -0.129026      -0.129026  -99    0.006126
    16    53  -0.270468      -0.270468  -99    0.003468
    17     1   0.182009       0.182009  -99    0.000000
    18     1   0.123357       0.123357  -99    0.000000
    19     1   0.211009       0.211009  -99    0.000000
    20     1   0.245058       0.245058  -99    0.000000
    21     1   0.110228       0.110228  -99    0.000000
    22     1   0.222141       0.222141  -99    0.000000
    23     1   0.162499       0.162499  -99    0.000000
    24     0   0.170363       0.170363    0    0.005062

        Statistics of the fitting:
  The initial sum of squares (ssvpot)                      1.630
  The residual sum of squares (chipot)                     0.013
  The std err of estimate (sqrt(chipot/N))               0.00161
  ESP relative RMS (SQRT(chipot/ssvpot))                 0.08801

 Dipole Moment (Debye)=   6.23344
