
Resp charges for organic molecule                                               

iqopt   irstrnt  ihfree     qwt
  2      1      1        0.001000

 rel.rms   dipole mom       Qxx      Qyy      Qzz
    0.10307   2.31189  58.08375 -41.41393 -16.66982

          Point charges before & after optimization
    NO   At.No.    q0           q(opt)   IVARY  d(rstr)/dq 
     1     6  -0.278220      -0.239441    0    0.003854
     2     6   0.208516       0.227068    0    0.004030
     3     8  -0.372787      -0.372787  -99    0.002591
     4     6   0.757404       0.757404  -99    0.001309
     5     8  -0.586954      -0.586954  -99    0.001680
     6     6  -0.187376      -0.187376  -99    0.004708
     7     6  -0.136375      -0.136375  -99    0.005913
     8     6   0.270245       0.270245  -99    0.003470
     9     6  -0.181587      -0.181587  -99    0.004824
    10     6  -0.176300      -0.176300  -99    0.004934
    11     6  -0.082271      -0.082271  -99    0.007722
    12     6  -0.068343      -0.068343  -99    0.008256
    13     6  -0.154135      -0.154135  -99    0.005443
    14    35  -0.032832      -0.032832  -99    0.009501
    15     6   0.312708       0.312708  -99    0.003046
    16     7  -0.450206      -0.450206  -99    0.002168
    17     1   0.092316       0.075006    0    0.000000
    18     1   0.092271       0.075006   17    0.000000
    19     1   0.076220       0.075006   17    0.000000
    20     1   0.047887       0.037093    0    0.000000
    21     1   0.047844       0.037093   20    0.000000
    22     1   0.162439       0.162439  -99    0.000000
    23     1   0.198409       0.198409  -99    0.000000
    24     1   0.162766       0.162766  -99    0.000000
    25     1   0.146655       0.146655  -99    0.000000
    26     1   0.131707       0.131707  -99    0.000000

        Statistics of the fitting:
  The initial sum of squares (ssvpot)                      0.698
  The residual sum of squares (chipot)                     0.007
  The std err of estimate (sqrt(chipot/N))               0.00134
  ESP relative RMS (SQRT(chipot/ssvpot))                 0.10307

 Dipole Moment (Debye)=   2.31189
