
Resp charges for organic molecule                                               

iqopt   irstrnt  ihfree     qwt
  0      1      1        0.000500

 rel.rms   dipole mom       Qxx      Qyy      Qzz
    0.09999   4.43172 -18.60333 -15.29277  33.89610

          Point charges before & after optimization
    NO   At.No.    q0           q(opt)   IVARY  d(rstr)/dq 
     1     6   0.000000      -0.249075    0    0.001863
     2     6   0.000000       0.446552    0    0.001093
     3     7   0.000000      -0.575629    0    0.000856
     4     6   0.000000       0.105350    0    0.003442
     5     6   0.000000      -0.158124    0    0.002672
     6     7   0.000000       0.080975    0    0.003886
     7     6   0.000000      -0.458579    0    0.001065
     8     6   0.000000       0.265456    0    0.001763
     9     1   0.000000       0.092457    0    0.000000
    10     6   0.000000      -0.026623    0    0.004832
    11    17   0.000000      -0.344748    0    0.001393
    12     8   0.000000      -0.608475    0    0.000811
    13     7   0.000000       0.725072    0    0.000683
    14     8   0.000000      -0.447273    0    0.001091
    15     8   0.000000      -0.447273   14    0.001091
    16     1   0.000000       0.083108    0    0.000000
    17     1   0.000000       0.102214    0    0.000000
    18     1   0.000000       0.109553    0    0.000000
    19     1   0.000000       0.178958    0    0.000000
    20     1   0.000000       0.190269    0    0.000000
    21     1   0.000000       0.188838    0    0.000000
    22     1   0.000000       0.131701    0    0.000000
    23     1   0.000000       0.127916    0    0.000000
    24     1   0.000000       0.412920    0    0.000000
    25     0   0.000000       0.074460    0    0.004010

        Statistics of the fitting:
  The initial sum of squares (ssvpot)                      0.828
  The residual sum of squares (chipot)                     0.008
  The std err of estimate (sqrt(chipot/N))               0.00165
  ESP relative RMS (SQRT(chipot/ssvpot))                 0.09999

 Dipole Moment (Debye)=   4.43172
