
Resp charges for organic molecule                                               

iqopt   irstrnt  ihfree     qwt
  0      1      1        0.000500

 rel.rms   dipole mom       Qxx      Qyy      Qzz
    0.05146   6.96705 -65.97037  12.45585  53.51452

          Point charges before & after optimization
    NO   At.No.    q0           q(opt)   IVARY  d(rstr)/dq 
     1     6   0.000000      -0.218549    0    0.002080
     2     6   0.000000      -0.164825    0    0.002593
     3     6   0.000000       0.241754    0    0.001911
     4     6   0.000000      -0.164825    2    0.002593
     5     6   0.000000      -0.218549    1    0.002080
     6     6   0.000000       0.040894    0    0.004628
     7     6   0.000000       0.124366    0    0.003133
     8     1   0.000000       0.067418    0    0.000000
     9     6   0.000000      -0.318520    0    0.001498
    10     6   0.000000       0.775647    0    0.000639
    11     8   0.000000      -0.601461    0    0.000820
    12     8   0.000000      -0.581690    0    0.000847
    13     6   0.000000       0.054526    0    0.004390
    14     7   0.000000      -0.581320    0    0.000848
    15    17   0.000000      -0.335322    0    0.001429
    16     1   0.000000       0.148951    0    0.000000
    17     1   0.000000       0.177906    0    0.000000
    18     1   0.000000       0.177906   17    0.000000
    19     1   0.000000       0.148951   16    0.000000
    20     1   0.000000       0.098322    0    0.000000
    21     1   0.000000       0.108920    0    0.000000
    22     1   0.000000       0.057040    0    0.000000
    23     1   0.000000       0.011537    0    0.000000
    24     1   0.000000       0.280414    0    0.000000
    25     1   0.000000       0.293811    0    0.000000
    26     1   0.000000       0.280414   24    0.000000
    27     0   0.000000       0.096287    0    0.003602

        Statistics of the fitting:
  The initial sum of squares (ssvpot)                      1.799
  The residual sum of squares (chipot)                     0.005
  The std err of estimate (sqrt(chipot/N))               0.00121
  ESP relative RMS (SQRT(chipot/ssvpot))                 0.05146

 Dipole Moment (Debye)=   6.96705
