
Resp charges for organic molecule                                               

iqopt   irstrnt  ihfree     qwt
  0      1      1        0.000500

 rel.rms   dipole mom       Qxx      Qyy      Qzz
    0.12451   6.19990  26.49393  10.66949 -37.16342

          Point charges before & after optimization
    NO   At.No.    q0           q(opt)   IVARY  d(rstr)/dq 
     1     6   0.000000      -0.157801    0    0.002676
     2     6   0.000000      -0.141670    0    0.002883
     3     6   0.000000       0.127367    0    0.003088
     4     6   0.000000      -0.141670    2    0.002883
     5     6   0.000000      -0.157801    1    0.002676
     6     6   0.000000       0.078338    0    0.003936
     7     6   0.000000       0.210446    0    0.002146
     8     6   0.000000      -0.576613    0    0.000854
     9     7   0.000000       0.470952    0    0.001039
    10     6   0.000000      -0.347254    0    0.001384
    11     6   0.000000      -0.298695    0    0.001587
    12    16   0.000000       0.024138    0    0.004860
    13     6   0.000000       0.125077    0    0.003122
    14     7   0.000000      -0.388636    0    0.001246
    15    35   0.000000      -0.335917    0    0.001427
    16     1   0.000000       0.129527    0    0.000000
    17     1   0.000000       0.171382    0    0.000000
    18     1   0.000000       0.171382   17    0.000000
    19     1   0.000000       0.129527   16    0.000000
    20     1   0.000000       0.263631    0    0.000000
    21     1   0.000000       0.251626    0    0.000000
    22     1   0.000000       0.275187    0    0.000000
    23     0   0.000000       0.117477    0    0.003241

        Statistics of the fitting:
  The initial sum of squares (ssvpot)                      0.820
  The residual sum of squares (chipot)                     0.013
  The std err of estimate (sqrt(chipot/N))               0.00180
  ESP relative RMS (SQRT(chipot/ssvpot))                 0.12451

 Dipole Moment (Debye)=   6.19990
