
Resp charges for organic molecule                                               

iqopt   irstrnt  ihfree     qwt
  2      1      1        0.001000

 rel.rms   dipole mom       Qxx      Qyy      Qzz
    0.13499   4.79024 -76.63303  44.33934  32.29369

          Point charges before & after optimization
    NO   At.No.    q0           q(opt)   IVARY  d(rstr)/dq 
     1     6  -0.201795      -0.201795  -99    0.004440
     2     6  -0.047151      -0.047151  -99    0.009045
     3     6   0.042986       0.042986  -99    0.009187
     4     6   0.124986       0.124986  -99    0.006247
     5     6  -0.315971      -0.315971  -99    0.003017
     6     6   0.027033       0.027033  -99    0.009653
     7    53  -0.018412      -0.018412  -99    0.009835
     8     6  -0.134490      -0.134490  -99    0.005967
     9     1   0.188419       0.188419  -99    0.000000
    10     6   0.042287       0.042287  -99    0.009210
    11     1   0.091122       0.091122  -99    0.000000
    12     6  -0.106080      -0.104858    0    0.006901
    13    16  -0.143749      -0.143749  -99    0.005711
    14     6   0.679181       0.679181  -99    0.001457
    15     8  -0.508006      -0.508006  -99    0.001931
    16     1   0.156062       0.156062  -99    0.000000
    17     1   0.129850       0.129850  -99    0.000000
    18     1   0.056380       0.056380  -99    0.000000
    19     1   0.136810       0.136810  -99    0.000000
    20     1   0.150479       0.114863    0    0.000000
    21     1   0.080466       0.114863   20    0.000000
    22     7  -0.504565      -0.504565  -99    0.001944
    23     1   0.327107       0.327107  -99    0.000000
    24     1   0.303931       0.303931  -99    0.000000
    25     8  -0.556882      -0.556882  -99    0.001767

        Statistics of the fitting:
  The initial sum of squares (ssvpot)                      1.267
  The residual sum of squares (chipot)                     0.023
  The std err of estimate (sqrt(chipot/N))               0.00226
  ESP relative RMS (SQRT(chipot/ssvpot))                 0.13499

 Dipole Moment (Debye)=   4.79024
