
Resp charges for organic molecule                                               

iqopt   irstrnt  ihfree     qwt
  2      1      1        0.001000

 rel.rms   dipole mom       Qxx      Qyy      Qzz
    0.09558   5.27645 -20.72358  20.74619  -0.02261

          Point charges before & after optimization
    NO   At.No.    q0           q(opt)   IVARY  d(rstr)/dq 
     1     6  -0.224722      -0.224722  -99    0.004066
     2     6  -0.050512      -0.050512  -99    0.008926
     3     6  -0.012125      -0.012125  -99    0.009927
     4     6  -0.050512      -0.050512  -99    0.008926
     5     6  -0.224722      -0.224722  -99    0.004066
     6     6   0.152196       0.152196  -99    0.005491
     7     7  -0.145954      -0.145954  -99    0.005652
     8     6   0.400928       0.400928  -99    0.002420
     9     7  -0.740023      -0.740023  -99    0.001339
    10     6  -0.063383      -0.053351    0    0.008823
    11     7  -0.260387      -0.260387  -99    0.003585
    12     6   0.571314       0.571314  -99    0.001724
    13     8  -0.531583      -0.531583  -99    0.001849
    14     6  -0.077732      -0.025862    0    0.009681
    15     6   0.376022       0.376022  -99    0.002570
    16     7  -0.463138      -0.463138  -99    0.002111
    17    17  -0.120083      -0.120083  -99    0.006399
    18     1   0.184398       0.184398  -99    0.000000
    19     1   0.135948       0.135948  -99    0.000000
    20     1   0.135948       0.135948  -99    0.000000
    21     1   0.184398       0.184398  -99    0.000000
    22     1   0.355770       0.355770  -99    0.000000
    23     1   0.090737       0.094020    0    0.000000
    24     1   0.117089       0.094020   23    0.000000
    25     1   0.115603       0.109006    0    0.000000
    26     1   0.144527       0.109006   25    0.000000

        Statistics of the fitting:
  The initial sum of squares (ssvpot)                      1.224
  The residual sum of squares (chipot)                     0.011
  The std err of estimate (sqrt(chipot/N))               0.00177
  ESP relative RMS (SQRT(chipot/ssvpot))                 0.09558

 Dipole Moment (Debye)=   5.27645
