
Resp charges for organic molecule                                               

iqopt   irstrnt  ihfree     qwt
  2      1      1        0.001000

 rel.rms   dipole mom       Qxx      Qyy      Qzz
    0.11220   7.02851  21.62618  -1.55159 -20.07459

          Point charges before & after optimization
    NO   At.No.    q0           q(opt)   IVARY  d(rstr)/dq 
     1     6  -0.219764      -0.246579    0    0.003758
     2     7  -0.088355      -0.088355  -99    0.007494
     3     6  -0.288272      -0.246579    1    0.003758
     4     6   0.477151       0.477151  -99    0.002051
     5     8  -0.589891      -0.589891  -99    0.001671
     6     6  -0.091163       0.050525    0    0.008925
     7     6   0.246060       0.253769    0    0.003666
     8     7  -0.774498      -0.774498  -99    0.001281
     9     6   0.465553       0.465553  -99    0.002100
    10     6  -0.339356      -0.339356  -99    0.002827
    11     6  -0.095481      -0.095481  -99    0.007233
    12     6   0.081838       0.081838  -99    0.007739
    13     6  -0.095481      -0.095481  -99    0.007233
    14     6  -0.339356      -0.339356  -99    0.002827
    15    35  -0.343004      -0.343004  -99    0.002799
    16     1   0.087631       0.105347    0    0.000000
    17     1   0.087871       0.105347   16    0.000000
    18     1   0.140529       0.105347   16    0.000000
    19     1   0.112564       0.105347   16    0.000000
    20     1   0.121054       0.105347   16    0.000000
    21     1   0.101637       0.105347   16    0.000000
    22     1   0.053915      -0.003623    0    0.000000
    23     1   0.061557      -0.003623   22    0.000000
    24     1   0.014048       0.031674    0    0.000000
    25     1   0.071874       0.031674   24    0.000000
    26     1   0.350800       0.350800  -99    0.000000
    27     1   0.161649       0.161649  -99    0.000000
    28     1   0.176495       0.176495  -99    0.000000
    29     1   0.176495       0.176495  -99    0.000000
    30     1   0.161649       0.161649  -99    0.000000
    31     0   0.114251       0.114473    0    0.006579

        Statistics of the fitting:
  The initial sum of squares (ssvpot)                      0.984
  The residual sum of squares (chipot)                     0.012
  The std err of estimate (sqrt(chipot/N))               0.00171
  ESP relative RMS (SQRT(chipot/ssvpot))                 0.11220

 Dipole Moment (Debye)=   7.02851
