
Resp charges for organic molecule                                               

iqopt   irstrnt  ihfree     qwt
  2      1      1        0.001000

 rel.rms   dipole mom       Qxx      Qyy      Qzz
    0.07938   6.01867  28.78953 -26.36808  -2.42145

          Point charges before & after optimization
    NO   At.No.    q0           q(opt)   IVARY  d(rstr)/dq 
     1     6  -0.272984      -0.292346    0    0.003236
     2     6   0.295213       0.295213  -99    0.003208
     3     1   0.060717       0.060717  -99    0.000000
     4     6  -0.212742      -0.195206    0    0.004559
     5     6   0.289817       0.289817  -99    0.003262
     6     1   0.074460       0.074460  -99    0.000000
     7     7  -0.143975      -0.143975  -99    0.005705
     8     8  -0.339595      -0.339595  -99    0.002825
     9     6   0.666563       0.666563  -99    0.001484
    10     8  -0.539073      -0.539073  -99    0.001824
    11     6  -0.266617      -0.266617  -99    0.003512
    12     6  -0.099518      -0.099518  -99    0.007088
    13     6   0.190660       0.190660  -99    0.004645
    14     6  -0.147411      -0.147411  -99    0.005614
    15     6  -0.255981      -0.255981  -99    0.003639
    16     6   0.310806       0.310806  -99    0.003063
    17     8  -0.382666      -0.382666  -99    0.002528
    18    17  -0.316115      -0.316115  -99    0.003016
    19     1   0.085448       0.090577    0    0.000000
    20     1   0.099362       0.090577   19    0.000000
    21     1   0.062067       0.090577   19    0.000000
    22     1   0.076024       0.082491    0    0.000000
    23     1   0.112713       0.082491   22    0.000000
    24     1   0.188813       0.188813  -99    0.000000
    25     1   0.190178       0.190178  -99    0.000000
    26     1   0.182167       0.182167  -99    0.000000
    27     0   0.091668       0.092395    0    0.007345

        Statistics of the fitting:
  The initial sum of squares (ssvpot)                      0.994
  The residual sum of squares (chipot)                     0.006
  The std err of estimate (sqrt(chipot/N))               0.00138
  ESP relative RMS (SQRT(chipot/ssvpot))                 0.07938

 Dipole Moment (Debye)=   6.01867
