
Resp charges for organic molecule                                               

iqopt   irstrnt  ihfree     qwt
  2      1      1        0.001000

 rel.rms   dipole mom       Qxx      Qyy      Qzz
    0.08183   6.94391 -69.08335  15.33973  53.74361

          Point charges before & after optimization
    NO   At.No.    q0           q(opt)   IVARY  d(rstr)/dq 
     1     6  -0.211379      -0.211379  -99    0.004276
     2     6  -0.042797      -0.042797  -99    0.009193
     3     6  -0.038136      -0.038136  -99    0.009344
     4     6  -0.042797      -0.042797  -99    0.009193
     5     6  -0.211379      -0.211379  -99    0.004276
     6     6   0.047088       0.047088  -99    0.009047
     7     6   0.089574       0.089574  -99    0.007449
     8     1   0.079186       0.079186  -99    0.000000
     9     6  -0.311219      -0.345447    0    0.002781
    10     6   0.770952       0.770952  -99    0.001286
    11     8  -0.598707      -0.598707  -99    0.001647
    12     8  -0.579411      -0.579411  -99    0.001701
    13     6   0.056423       0.055074    0    0.008759
    14     7  -0.576638      -0.576638  -99    0.001709
    15    17  -0.112825      -0.112825  -99    0.006633
    16     1   0.139026       0.139026  -99    0.000000
    17     1   0.138203       0.138203  -99    0.000000
    18     1   0.138203       0.138203  -99    0.000000
    19     1   0.139026       0.139026  -99    0.000000
    20     1   0.095268       0.121094    0    0.000000
    21     1   0.112398       0.121094   20    0.000000
    22     1   0.057832       0.034758    0    0.000000
    23     1   0.010632       0.034758   22    0.000000
    24     1   0.280003       0.280003  -99    0.000000
    25     1   0.291473       0.291473  -99    0.000000
    26     1   0.280003       0.280003  -99    0.000000

        Statistics of the fitting:
  The initial sum of squares (ssvpot)                      1.799
  The residual sum of squares (chipot)                     0.012
  The std err of estimate (sqrt(chipot/N))               0.00193
  ESP relative RMS (SQRT(chipot/ssvpot))                 0.08183

 Dipole Moment (Debye)=   6.94391
