
Resp charges for organic molecule                                               

iqopt   irstrnt  ihfree     qwt
  2      1      1        0.001000

 rel.rms   dipole mom       Qxx      Qyy      Qzz
    0.11259   4.14661 -86.38401  65.14126  21.24275

          Point charges before & after optimization
    NO   At.No.    q0           q(opt)   IVARY  d(rstr)/dq 
     1     6  -0.232470      -0.232470  -99    0.003952
     2     6  -0.114523      -0.114523  -99    0.006577
     3     6   0.071858       0.071858  -99    0.008121
     4     6  -0.036942      -0.036942  -99    0.009380
     5     6   0.002281       0.002281  -99    0.009997
     6     6  -0.059568      -0.059568  -99    0.008591
     7    53  -0.316064      -0.316064  -99    0.003017
     8     6   0.059283       0.059283  -99    0.008602
     9     1   0.156960       0.156960  -99    0.000000
    10     6  -0.074689      -0.074689  -99    0.008012
    11     1   0.136125       0.136125  -99    0.000000
    12     6   0.061913       0.060034    0    0.008573
    13    16  -0.236741      -0.236741  -99    0.003891
    14     6   0.740738       0.740738  -99    0.001338
    15     8  -0.577195      -0.577195  -99    0.001707
    16     1   0.173259       0.173259  -99    0.000000
    17     1   0.140920       0.140920  -99    0.000000
    18     1   0.122986       0.122986  -99    0.000000
    19     1   0.168556       0.168556  -99    0.000000
    20     1   0.071649       0.070041    0    0.000000
    21     1   0.066820       0.070041   20    0.000000
    22     7  -0.774381      -0.774381  -99    0.001281
    23     1   0.417443       0.417443  -99    0.000000
    24     1   0.427523       0.427523  -99    0.000000
    25     8  -0.542357      -0.542357  -99    0.001813
    26     0   0.146615       0.146883    0    0.005628

        Statistics of the fitting:
  The initial sum of squares (ssvpot)                      1.051
  The residual sum of squares (chipot)                     0.013
  The std err of estimate (sqrt(chipot/N))               0.00173
  ESP relative RMS (SQRT(chipot/ssvpot))                 0.11259

 Dipole Moment (Debye)=   4.14661
