
Resp charges for organic molecule                                               

iqopt   irstrnt  ihfree     qwt
  0      1      1        0.000500

 rel.rms   dipole mom       Qxx      Qyy      Qzz
    0.10787   4.54553 -69.83343  40.15996  29.67347

          Point charges before & after optimization
    NO   At.No.    q0           q(opt)   IVARY  d(rstr)/dq 
     1     6   0.000000      -0.233443    0    0.001969
     2     6   0.000000      -0.021556    0    0.004888
     3     6   0.000000      -0.025337    0    0.004847
     4     6   0.000000      -0.000508    0    0.005000
     5     6   0.000000       0.017734    0    0.004923
     6     6   0.000000      -0.084684    0    0.003816
     7    53   0.000000      -0.324880    0    0.001471
     8     6   0.000000      -0.062252    0    0.004245
     9     1   0.000000       0.164537    0    0.000000
    10     6   0.000000       0.028576    0    0.004808
    11     1   0.000000       0.094749    0    0.000000
    12     6   0.000000      -0.113384    0    0.003307
    13    16   0.000000      -0.146819    0    0.002815
    14     6   0.000000       0.679832    0    0.000728
    15     8   0.000000      -0.509578    0    0.000963
    16     1   0.000000       0.169882    0    0.000000
    17     1   0.000000       0.129076    0    0.000000
    18     1   0.000000       0.108090    0    0.000000
    19     1   0.000000       0.174365    0    0.000000
    20     1   0.000000       0.153344    0    0.000000
    21     1   0.000000       0.081923    0    0.000000
    22     7   0.000000      -0.498952    0    0.000983
    23     1   0.000000       0.324337    0    0.000000
    24     1   0.000000       0.304616    0    0.000000
    25     8   0.000000      -0.555810    0    0.000885
    26     0   0.000000       0.146144    0    0.002824

        Statistics of the fitting:
  The initial sum of squares (ssvpot)                      1.267
  The residual sum of squares (chipot)                     0.015
  The std err of estimate (sqrt(chipot/N))               0.00181
  ESP relative RMS (SQRT(chipot/ssvpot))                 0.10787

 Dipole Moment (Debye)=   4.54553
