
Resp charges for organic molecule                                               

iqopt   irstrnt  ihfree     qwt
  0      1      1        0.000500

 rel.rms   dipole mom       Qxx      Qyy      Qzz
    0.09830   2.30133 -31.39882 -12.48668  43.88550

          Point charges before & after optimization
    NO   At.No.    q0           q(opt)   IVARY  d(rstr)/dq 
     1     6   0.000000      -0.187724    0    0.002351
     2     6   0.000000      -0.139010    0    0.002920
     3     6   0.000000       0.126640    0    0.003099
     4     6   0.000000      -0.139010    2    0.002920
     5     6   0.000000      -0.187724    1    0.002351
     6     6   0.000000       0.143249    0    0.002862
     7     6   0.000000      -0.025441    0    0.004846
     8     1   0.000000       0.167943    0    0.000000
     9     6   0.000000      -0.132204    0    0.003016
    10     8   0.000000      -0.265673    0    0.001761
    11     6   0.000000       0.807602    0    0.000614
    12     8   0.000000      -0.622215    0    0.000793
    13     7   0.000000      -0.927873    0    0.000536
    14     6   0.000000       0.807602   11    0.000614
    15     8   0.000000      -0.622215   12    0.000793
    16     7   0.000000      -0.927873   13    0.000536
    17    35   0.000000      -0.308648    0    0.001541
    18     1   0.000000       0.146995    0    0.000000
    19     1   0.000000       0.177579    0    0.000000
    20     1   0.000000       0.177579   19    0.000000
    21     1   0.000000       0.146995   18    0.000000
    22     1   0.000000       0.416919    0    0.000000
    23     1   0.000000       0.416919   22    0.000000
    24     1   0.000000       0.416919   22    0.000000
    25     1   0.000000       0.416919   22    0.000000
    26     0   0.000000       0.115753    0    0.003269

        Statistics of the fitting:
  The initial sum of squares (ssvpot)                      0.917
  The residual sum of squares (chipot)                     0.009
  The std err of estimate (sqrt(chipot/N))               0.00151
  ESP relative RMS (SQRT(chipot/ssvpot))                 0.09830

 Dipole Moment (Debye)=   2.30133
