
Resp charges for organic molecule                                               

iqopt   irstrnt  ihfree     qwt
  2      1      1        0.001000

 rel.rms   dipole mom       Qxx      Qyy      Qzz
    0.15535   2.59859  43.45572 -30.20404 -13.25168

          Point charges before & after optimization
    NO   At.No.    q0           q(opt)   IVARY  d(rstr)/dq 
     1     6  -0.327916      -0.311700    0    0.003055
     2     6   0.615467       0.615467  -99    0.001604
     3     6  -0.561835      -0.561835  -99    0.001752
     4     6   0.631423       0.631423  -99    0.001564
     5     8  -0.170640      -0.170640  -99    0.005056
     6     7  -0.458106      -0.458106  -99    0.002133
     7     6  -0.217280      -0.217280  -99    0.004181
     8     6  -0.112711      -0.112711  -99    0.006637
     9     6  -0.319816      -0.319816  -99    0.002984
    10     6   0.326435       0.326435  -99    0.002929
    11     6   0.340863       0.340863  -99    0.002815
    12     6  -0.292425      -0.292425  -99    0.003236
    13     8  -0.425450      -0.425450  -99    0.002288
    14     6   0.300929       0.294006    0    0.003220
    15     8  -0.415382      -0.415382  -99    0.002341
    16    53   0.033749       0.033749  -99    0.009475
    17     1   0.095721       0.098738    0    0.000000
    18     1   0.097125       0.098738   17    0.000000
    19     1   0.118088       0.098738   17    0.000000
    20     1   0.164336       0.164336  -99    0.000000
    21     1   0.210682       0.210682  -99    0.000000
    22     1   0.202679       0.202679  -99    0.000000
    23     1   0.076900       0.084745    0    0.000000
    24     1   0.087162       0.084745   23    0.000000

        Statistics of the fitting:
  The initial sum of squares (ssvpot)                      0.423
  The residual sum of squares (chipot)                     0.010
  The std err of estimate (sqrt(chipot/N))               0.00157
  ESP relative RMS (SQRT(chipot/ssvpot))                 0.15535

 Dipole Moment (Debye)=   2.59859
