
Resp charges for organic molecule                                               

iqopt   irstrnt  ihfree     qwt
  2      1      1        0.001000

 rel.rms   dipole mom       Qxx      Qyy      Qzz
    0.07726   3.61892  41.92456 -22.65848 -19.26608

          Point charges before & after optimization
    NO   At.No.    q0           q(opt)   IVARY  d(rstr)/dq 
     1     6  -0.254423      -0.204428    0    0.004394
     2     6   0.203102       0.206418    0    0.004360
     3     8  -0.413338      -0.413338  -99    0.002351
     4     6   0.792571       0.792571  -99    0.001252
     5     8  -0.592022      -0.592022  -99    0.001666
     6     6  -0.157307      -0.157307  -99    0.005365
     7     6  -0.115981      -0.115981  -99    0.006530
     8     6  -0.135182      -0.135182  -99    0.005947
     9     6  -0.216244      -0.216244  -99    0.004197
    10     6   0.145061       0.145061  -99    0.005676
    11     6  -0.129971      -0.129971  -99    0.006098
    12     7  -0.350521      -0.350521  -99    0.002743
    13     6   0.712803       0.712803  -99    0.001389
    14     8  -0.577906      -0.577906  -99    0.001705
    15     6  -0.433323      -0.429246    0    0.002269
    16    35  -0.225982      -0.225982  -99    0.004047
    17     1   0.069944       0.062964    0    0.000000
    18     1   0.080523       0.062964   17    0.000000
    19     1   0.080537       0.062964   17    0.000000
    20     1   0.047893       0.042180    0    0.000000
    21     1   0.047987       0.042180   20    0.000000
    22     1   0.132036       0.132036  -99    0.000000
    23     1   0.149646       0.149646  -99    0.000000
    24     1   0.173852       0.173852  -99    0.000000
    25     1   0.190638       0.190638  -99    0.000000
    26     1   0.232902       0.232902  -99    0.000000
    27     1   0.236057       0.234398    0    0.000000
    28     1   0.235989       0.234398   27    0.000000
    29     0   0.070658       0.070153    0    0.008186

        Statistics of the fitting:
  The initial sum of squares (ssvpot)                      0.907
  The residual sum of squares (chipot)                     0.005
  The std err of estimate (sqrt(chipot/N))               0.00112
  ESP relative RMS (SQRT(chipot/ssvpot))                 0.07726

 Dipole Moment (Debye)=   3.61892
