
Resp charges for organic molecule                                               

iqopt   irstrnt  ihfree     qwt
  2      1      1        0.001000

 rel.rms   dipole mom       Qxx      Qyy      Qzz
    0.17407   1.60128 -21.68991  23.11536  -1.42545

          Point charges before & after optimization
    NO   At.No.    q0           q(opt)   IVARY  d(rstr)/dq 
     1     6   0.602167       0.602167  -99    0.001638
     2     6  -0.717239      -0.717239  -99    0.001381
     3     6   0.959968       0.959968  -99    0.001036
     4     7  -0.886289      -0.886289  -99    0.001121
     5     6   1.082844       1.082844  -99    0.000920
     6     7  -0.831940      -0.831940  -99    0.001193
     7     7  -0.974843      -0.974843  -99    0.001020
     8     7  -0.378297      -0.378297  -99    0.002556
     9     6   0.051315      -0.083017    0    0.007694
    10     6   0.100938       0.136370    0    0.005913
    11     8  -0.417946      -0.417946  -99    0.002327
    12     6   0.088774       0.136370   10    0.005913
    13     6  -0.088258      -0.083017    9    0.007694
    14    35  -0.027822      -0.027822  -99    0.009634
    15     1   0.066508       0.066508  -99    0.000000
    16     1   0.407214       0.407214  -99    0.000000
    17     1   0.407214       0.407214  -99    0.000000
    18     1   0.067548       0.099101    0    0.000000
    19     1   0.027075       0.099101   18    0.000000
    20     1   0.053500       0.051338    0    0.000000
    21     1   0.072837       0.051338   20    0.000000
    22     1   0.048925       0.051338   20    0.000000
    23     1   0.080938       0.051338   20    0.000000
    24     1   0.114243       0.099101   18    0.000000
    25     1   0.090628       0.099101   18    0.000000

        Statistics of the fitting:
  The initial sum of squares (ssvpot)                      0.353
  The residual sum of squares (chipot)                     0.011
  The std err of estimate (sqrt(chipot/N))               0.00175
  ESP relative RMS (SQRT(chipot/ssvpot))                 0.17407

 Dipole Moment (Debye)=   1.60128
