
Resp charges for organic molecule                                               

iqopt   irstrnt  ihfree     qwt
  2      1      1        0.001000

 rel.rms   dipole mom       Qxx      Qyy      Qzz
    0.13211   4.31067   3.87047 -20.32474  16.45427

          Point charges before & after optimization
    NO   At.No.    q0           q(opt)   IVARY  d(rstr)/dq 
     1     6  -0.301105      -0.304649    0    0.003119
     2     6   0.161599       0.161599  -99    0.005262
     3     6  -0.304356      -0.304356  -99    0.003121
     4     6  -0.096224      -0.096224  -99    0.007206
     5     6   0.190579       0.190579  -99    0.004646
     6     6  -0.348658      -0.348658  -99    0.002757
     7     6   0.016093       0.016093  -99    0.009873
     8     7   0.720127       0.720127  -99    0.001375
     9     8  -0.444451      -0.444451  -99    0.002195
    10     8  -0.444451      -0.444451  -99    0.002195
    11     7  -0.326356      -0.326356  -99    0.002930
    12     6   0.568044       0.568044  -99    0.001734
    13     8  -0.536102      -0.536102  -99    0.001834
    14     6  -0.129380      -0.129380  -99    0.006115
    15     1   0.155381       0.155381  -99    0.000000
    16     6  -0.099935      -0.090833    0    0.007402
    17    35  -0.145680      -0.145680  -99    0.005659
    18     1   0.125486       0.109923    0    0.000000
    19     1   0.076594       0.109923   18    0.000000
    20     1   0.124029       0.109923   18    0.000000
    21     1   0.195661       0.195661  -99    0.000000
    22     1   0.177449       0.177449  -99    0.000000
    23     1   0.242309       0.242309  -99    0.000000
    24     1   0.216675       0.216675  -99    0.000000
    25     1   0.062766       0.065818    0    0.000000
    26     1   0.064108       0.065818   25    0.000000
    27     1   0.079801       0.065818   25    0.000000

        Statistics of the fitting:
  The initial sum of squares (ssvpot)                      0.635
  The residual sum of squares (chipot)                     0.011
  The std err of estimate (sqrt(chipot/N))               0.00169
  ESP relative RMS (SQRT(chipot/ssvpot))                 0.13211

 Dipole Moment (Debye)=   4.31067
