
Resp charges for organic molecule                                               

iqopt   irstrnt  ihfree     qwt
  0      1      1        0.000500

 rel.rms   dipole mom       Qxx      Qyy      Qzz
    0.05299   6.60474 -81.46408  53.80979  27.65429

          Point charges before & after optimization
    NO   At.No.    q0           q(opt)   IVARY  d(rstr)/dq 
     1     6   0.000000       0.018735    0    0.004914
     2     6   0.000000      -0.166176    0    0.002578
     3     6   0.000000      -0.345570    0    0.001390
     4     6   0.000000       0.347565    0    0.001382
     5     6   0.000000      -0.003705    0    0.004997
     6     6   0.000000      -0.069128    0    0.004113
     7     8   0.000000      -0.555521    0    0.000886
     8    53   0.000000      -0.294885    0    0.001606
     9     6   0.000000      -0.247945    0    0.001870
    10     6   0.000000       0.150689    0    0.002765
    11     7   0.000000      -0.979987    0    0.000508
    12     6   0.000000       0.786151    0    0.000631
    13     8   0.000000      -0.595978    0    0.000827
    14     8   0.000000      -0.606210    0    0.000814
    15     1   0.000000       0.048189    0    0.000000
    16     1   0.000000       0.178729    0    0.000000
    17     1   0.000000       0.179222    0    0.000000
    18     1   0.000000       0.159570    0    0.000000
    19     1   0.000000       0.104608    0    0.000000
    20     1   0.000000       0.121038    0    0.000000
    21     1   0.000000       0.384671    0    0.000000
    22     1   0.000000       0.384671   21    0.000000
    23     1   0.000000       0.413275    0    0.000000
    24     1   0.000000       0.441279    0    0.000000
    25     0   0.000000       0.146713    0    0.002816

        Statistics of the fitting:
  The initial sum of squares (ssvpot)                      1.408
  The residual sum of squares (chipot)                     0.004
  The std err of estimate (sqrt(chipot/N))               0.00097
  ESP relative RMS (SQRT(chipot/ssvpot))                 0.05299

 Dipole Moment (Debye)=   6.60474
