
Resp charges for organic molecule                                               

iqopt   irstrnt  ihfree     qwt
  0      1      1        0.000500

 rel.rms   dipole mom       Qxx      Qyy      Qzz
    0.09207   2.49787 -49.07428  50.00112  -0.92684

          Point charges before & after optimization
    NO   At.No.    q0           q(opt)   IVARY  d(rstr)/dq 
     1     6   0.000000      -0.395530    0    0.001226
     2     6   0.000000       0.435799    0    0.001118
     3     6   0.000000      -0.068957    0    0.004116
     4     7   0.000000      -0.433097    0    0.001125
     5     1   0.000000       0.361096    0    0.000000
     6     6   0.000000       0.244435    0    0.001893
     7     7   0.000000      -0.612209    0    0.000806
     8     6   0.000000       0.033828    0    0.004736
     9     6   0.000000      -0.130618    0    0.003040
    10     6   0.000000      -0.223636    0    0.002041
    11     6   0.000000       0.273687    0    0.001716
    12     6   0.000000      -0.223636   10    0.002041
    13     6   0.000000      -0.130618    9    0.003040
    14    17   0.000000      -0.334327    0    0.001433
    15     1   0.000000       0.128796    0    0.000000
    16     1   0.000000       0.095805    0    0.000000
    17     1   0.000000       0.112498    0    0.000000
    18     1   0.000000       0.129948    0    0.000000
    19     1   0.000000       0.136035    0    0.000000
    20     1   0.000000       0.185650    0    0.000000
    21     1   0.000000       0.185650   20    0.000000
    22     1   0.000000       0.136035   19    0.000000
    23     0   0.000000       0.093367    0    0.003655

        Statistics of the fitting:
  The initial sum of squares (ssvpot)                      0.683
  The residual sum of squares (chipot)                     0.006
  The std err of estimate (sqrt(chipot/N))               0.00139
  ESP relative RMS (SQRT(chipot/ssvpot))                 0.09207

 Dipole Moment (Debye)=   2.49787
