
Resp charges for organic molecule                                               

iqopt   irstrnt  ihfree     qwt
  0      1      1        0.000500

 rel.rms   dipole mom       Qxx      Qyy      Qzz
    0.15658   2.90660  11.12687   3.48120 -14.60807

          Point charges before & after optimization
    NO   At.No.    q0           q(opt)   IVARY  d(rstr)/dq 
     1    16   0.000000      -0.208947    0    0.002158
     2     6   0.000000       0.514480    0    0.000954
     3     7   0.000000      -0.512487    0    0.000958
     4     6   0.000000       0.094514    0    0.003634
     5     6   0.000000      -0.040962    0    0.004627
     6     7   0.000000      -0.651336    0    0.000759
     7     6   0.000000       0.758536    0    0.000654
     8     7   0.000000      -0.681147    0    0.000726
     9     6   0.000000       0.320803    0    0.001488
    10     6   0.000000      -0.419856    0    0.001158
    11     6   0.000000       0.053294    0    0.004412
    12     6   0.000000      -0.403392    0    0.001203
    13     6   0.000000      -0.145066    0    0.002838
    14    35   0.000000      -0.287142    0    0.001644
    15     1   0.000000       0.138576    0    0.000000
    16     1   0.000000       0.146820    0    0.000000
    17     1   0.000000       0.173497    0    0.000000
    18     1   0.000000       0.084907    0    0.000000
    19     1   0.000000       0.154605    0    0.000000
    20     1   0.000000       0.057342    0    0.000000
    21     1   0.000000       0.065064    0    0.000000
    22     1   0.000000       0.163558    0    0.000000
    23     1   0.000000       0.143838    0    0.000000
    24     1   0.000000       0.389011    0    0.000000
    25     0   0.000000       0.091489    0    0.003689

        Statistics of the fitting:
  The initial sum of squares (ssvpot)                      0.434
  The residual sum of squares (chipot)                     0.011
  The std err of estimate (sqrt(chipot/N))               0.00165
  ESP relative RMS (SQRT(chipot/ssvpot))                 0.15658

 Dipole Moment (Debye)=   2.90660
