
Resp charges for organic molecule                                               

iqopt   irstrnt  ihfree     qwt
  2      1      1        0.001000

 rel.rms   dipole mom       Qxx      Qyy      Qzz
    0.11939   5.23706  19.47570  -2.99433 -16.48137

          Point charges before & after optimization
    NO   At.No.    q0           q(opt)   IVARY  d(rstr)/dq 
     1     6  -0.239870      -0.209056    0    0.004315
     2     6   0.283713       0.297076    0    0.003190
     3     7  -0.859672      -0.859672  -99    0.001155
     4     6   0.955340       0.955340  -99    0.001041
     5     8  -0.574227      -0.574227  -99    0.001716
     6     7  -0.767339      -0.767339  -99    0.001292
     7     6   0.110112       0.107340    0    0.006816
     8     6  -0.025578      -0.025578  -99    0.009688
     9     6  -0.151754      -0.151754  -99    0.005502
    10     6  -0.209548      -0.209548  -99    0.004307
    11     6  -0.041480      -0.041480  -99    0.009237
    12     6  -0.052893      -0.052893  -99    0.008840
    13     6   0.001103       0.001103  -99    0.009999
    14    17  -0.117425      -0.117425  -99    0.006484
    15     1   0.063411       0.053172    0    0.000000
    16     1   0.075345       0.053172   15    0.000000
    17     1   0.049105       0.053172   15    0.000000
    18     1   0.021579       0.017217    0    0.000000
    19     1   0.030476       0.017217   18    0.000000
    20     1   0.389952       0.389952  -99    0.000000
    21     1   0.375952       0.375952  -99    0.000000
    22     1   0.070189       0.070885    0    0.000000
    23     1   0.067021       0.070885   22    0.000000
    24     1   0.142388       0.142388  -99    0.000000
    25     1   0.160152       0.160152  -99    0.000000
    26     1   0.129981       0.129981  -99    0.000000
    27     1   0.113967       0.113967  -99    0.000000

        Statistics of the fitting:
  The initial sum of squares (ssvpot)                      0.881
  The residual sum of squares (chipot)                     0.013
  The std err of estimate (sqrt(chipot/N))               0.00192
  ESP relative RMS (SQRT(chipot/ssvpot))                 0.11939

 Dipole Moment (Debye)=   5.23706
