
Resp charges for organic molecule                                               

iqopt   irstrnt  ihfree     qwt
  2      1      1        0.001000

 rel.rms   dipole mom       Qxx      Qyy      Qzz
    0.12589   4.81271 -73.82876  43.49340  30.33537

          Point charges before & after optimization
    NO   At.No.    q0           q(opt)   IVARY  d(rstr)/dq 
     1     6  -0.233443      -0.233443  -99    0.003938
     2     6  -0.021556      -0.021556  -99    0.009775
     3     6  -0.025337      -0.025337  -99    0.009694
     4     6  -0.000508      -0.000508  -99    0.010000
     5     6   0.017734       0.017734  -99    0.009846
     6     6  -0.084684      -0.084684  -99    0.007631
     7    53  -0.324880      -0.324880  -99    0.002942
     8     6  -0.062252      -0.062252  -99    0.008489
     9     1   0.164537       0.164537  -99    0.000000
    10     6   0.028576       0.028576  -99    0.009615
    11     1   0.094749       0.094749  -99    0.000000
    12     6  -0.113384      -0.104983    0    0.006897
    13    16  -0.146819      -0.146819  -99    0.005629
    14     6   0.679832       0.679832  -99    0.001455
    15     8  -0.509578      -0.509578  -99    0.001926
    16     1   0.169882       0.169882  -99    0.000000
    17     1   0.129076       0.129076  -99    0.000000
    18     1   0.108090       0.108090  -99    0.000000
    19     1   0.174365       0.174365  -99    0.000000
    20     1   0.153344       0.114298    0    0.000000
    21     1   0.081923       0.114298   20    0.000000
    22     7  -0.498952      -0.498952  -99    0.001965
    23     1   0.324337       0.324337  -99    0.000000
    24     1   0.304616       0.304616  -99    0.000000
    25     8  -0.555810      -0.555810  -99    0.001771
    26     0   0.146144       0.144411    0    0.005693

        Statistics of the fitting:
  The initial sum of squares (ssvpot)                      1.267
  The residual sum of squares (chipot)                     0.020
  The std err of estimate (sqrt(chipot/N))               0.00211
  ESP relative RMS (SQRT(chipot/ssvpot))                 0.12589

 Dipole Moment (Debye)=   4.81271
