
Resp charges for organic molecule                                               

iqopt   irstrnt  ihfree     qwt
  2      1      1        0.001000

 rel.rms   dipole mom       Qxx      Qyy      Qzz
    0.07984   5.40771  75.00664 -26.72011 -48.28653

          Point charges before & after optimization
    NO   At.No.    q0           q(opt)   IVARY  d(rstr)/dq 
     1     6  -0.213641      -0.213641  -99    0.004239
     2     6  -0.095523      -0.095523  -99    0.007231
     3     6  -0.213641      -0.213641  -99    0.004239
     4     6  -0.088693      -0.088693  -99    0.007481
     5     6   0.141595       0.141595  -99    0.005769
     6     6  -0.088693      -0.088693  -99    0.007481
     7     6  -0.375363      -0.375363  -99    0.002574
     8    17  -0.142776      -0.142776  -99    0.005737
     9     6   0.818542       0.818542  -99    0.001213
    10     8  -0.609626      -0.609626  -99    0.001619
    11     7  -0.648697      -0.648697  -99    0.001524
    12     6   0.853067       0.853067  -99    0.001164
    13     8  -0.603449      -0.603449  -99    0.001635
    14     7  -0.944725      -0.944725  -99    0.001053
    15     1   0.199575       0.199575  -99    0.000000
    16     1   0.137394       0.137394  -99    0.000000
    17     1   0.156297       0.156297  -99    0.000000
    18     1   0.127077       0.127077  -99    0.000000
    19     1   0.127077       0.127077  -99    0.000000
    20     1   0.156297       0.156297  -99    0.000000
    21     1   0.427803       0.427803  -99    0.000000
    22     1   0.452299       0.452299  -99    0.000000
    23     1   0.427803       0.427803  -99    0.000000

        Statistics of the fitting:
  The initial sum of squares (ssvpot)                      1.400
  The residual sum of squares (chipot)                     0.009
  The std err of estimate (sqrt(chipot/N))               0.00169
  ESP relative RMS (SQRT(chipot/ssvpot))                 0.07984

 Dipole Moment (Debye)=   5.40771
