
Resp charges for organic molecule                                               

iqopt   irstrnt  ihfree     qwt
  2      1      1        0.001000

 rel.rms   dipole mom       Qxx      Qyy      Qzz
    0.09509   3.96663 -84.30168  45.86841  38.43328

          Point charges before & after optimization
    NO   At.No.    q0           q(opt)   IVARY  d(rstr)/dq 
     1     6  -0.207849      -0.207849  -99    0.004336
     2     6  -0.074631      -0.074631  -99    0.008014
     3     6  -0.018443      -0.018443  -99    0.009834
     4     6  -0.074631      -0.074631  -99    0.008014
     5     6  -0.207849      -0.207849  -99    0.004336
     6     6   0.118337       0.118337  -99    0.006454
     7     6  -0.219566      -0.218630    0    0.004159
     8     6   0.357673       0.357673  -99    0.002693
     9     1   0.024866       0.024866  -99    0.000000
    10     6   0.658928       0.658928  -99    0.001500
    11     8  -0.564260      -0.564260  -99    0.001745
    12     8  -0.561865      -0.561865  -99    0.001752
    13     7  -0.934443      -0.934443  -99    0.001064
    14    17  -0.112596      -0.112596  -99    0.006640
    15     1   0.144347       0.144347  -99    0.000000
    16     1   0.144609       0.144609  -99    0.000000
    17     1   0.144609       0.144609  -99    0.000000
    18     1   0.144347       0.144347  -99    0.000000
    19     1   0.079629       0.078787    0    0.000000
    20     1   0.078882       0.078787   19    0.000000
    21     1   0.351864       0.351864  -99    0.000000
    22     1   0.351864       0.351864  -99    0.000000
    23     1   0.376178       0.376178  -99    0.000000

        Statistics of the fitting:
  The initial sum of squares (ssvpot)                      1.152
  The residual sum of squares (chipot)                     0.010
  The std err of estimate (sqrt(chipot/N))               0.00185
  ESP relative RMS (SQRT(chipot/ssvpot))                 0.09509

 Dipole Moment (Debye)=   3.96663
