
Resp charges for organic molecule                                               

iqopt   irstrnt  ihfree     qwt
  2      1      1        0.001000

 rel.rms   dipole mom       Qxx      Qyy      Qzz
    0.11389   4.26932   1.74619 -16.71471  14.96852

          Point charges before & after optimization
    NO   At.No.    q0           q(opt)   IVARY  d(rstr)/dq 
     1     6  -0.299595      -0.306934    0    0.003098
     2     6   0.171711       0.171711  -99    0.005033
     3     6  -0.317689      -0.317689  -99    0.003002
     4     6  -0.079289      -0.079289  -99    0.007836
     5     6   0.132095       0.132095  -99    0.006036
     6     6  -0.324124      -0.324124  -99    0.002948
     7     6   0.007137       0.007137  -99    0.009975
     8     7   0.723872       0.723872  -99    0.001368
     9     8  -0.446346      -0.446346  -99    0.002186
    10     8  -0.446346      -0.446346  -99    0.002186
    11     7  -0.231505      -0.231505  -99    0.003965
    12     6   0.483989       0.483989  -99    0.002023
    13     8  -0.538098      -0.538098  -99    0.001827
    14     6   0.071773       0.071773  -99    0.008124
    15     1   0.137012       0.137012  -99    0.000000
    16     6  -0.239218      -0.256217    0    0.003636
    17    35  -0.359893      -0.359893  -99    0.002677
    18     1   0.124226       0.110535    0    0.000000
    19     1   0.076173       0.110535   18    0.000000
    20     1   0.124284       0.110535   18    0.000000
    21     1   0.197204       0.197204  -99    0.000000
    22     1   0.182384       0.182384  -99    0.000000
    23     1   0.236532       0.236532  -99    0.000000
    24     1   0.204112       0.204112  -99    0.000000
    25     1   0.094487       0.104902    0    0.000000
    26     1   0.106866       0.104902   25    0.000000
    27     1   0.100597       0.104902   25    0.000000
    28     0   0.107650       0.112308    0    0.006650

        Statistics of the fitting:
  The initial sum of squares (ssvpot)                      0.639
  The residual sum of squares (chipot)                     0.008
  The std err of estimate (sqrt(chipot/N))               0.00146
  ESP relative RMS (SQRT(chipot/ssvpot))                 0.11389

 Dipole Moment (Debye)=   4.26932
