
Resp charges for organic molecule                                               

iqopt   irstrnt  ihfree     qwt
  2      1      1        0.001000

 rel.rms   dipole mom       Qxx      Qyy      Qzz
    0.16229   3.16946  33.23997 -10.33288 -22.90709

          Point charges before & after optimization
    NO   At.No.    q0           q(opt)   IVARY  d(rstr)/dq 
     1     6  -0.666785      -0.666785  -99    0.001483
     2     6   0.485910       0.485910  -99    0.002016
     3     7  -0.824816      -0.824816  -99    0.001204
     4     6   1.242768       1.242768  -99    0.000802
     5     7  -0.824816      -0.824816  -99    0.001204
     6     6   0.485910       0.485910  -99    0.002016
     7     7  -0.900826      -0.900826  -99    0.001103
     8     6   0.698945       0.698945  -99    0.001416
     9     7  -0.484057      -0.484057  -99    0.002023
    10     6  -0.040118      -0.039727    0    0.009294
    11     6  -0.043695      -0.043695  -99    0.009163
    12     1   0.185378       0.185378  -99    0.000000
    13    16  -0.216048      -0.216048  -99    0.004200
    14     6  -0.519049      -0.559357    0    0.001760
    15    53  -0.088425      -0.088425  -99    0.007491
    16     1   0.214249       0.214249  -99    0.000000
    17     1   0.087007       0.087007  -99    0.000000
    18     1   0.087007       0.087007  -99    0.000000
    19     1   0.418157       0.418157  -99    0.000000
    20     1   0.127374       0.104072    0    0.000000
    21     1   0.085951       0.104072   20    0.000000
    22     1   0.240359       0.267538    0    0.000000
    23     1   0.249622       0.267538   22    0.000000

        Statistics of the fitting:
  The initial sum of squares (ssvpot)                      0.555
  The residual sum of squares (chipot)                     0.015
  The std err of estimate (sqrt(chipot/N))               0.00182
  ESP relative RMS (SQRT(chipot/ssvpot))                 0.16229

 Dipole Moment (Debye)=   3.16946
